====== 35 MeV H into skin/skull/brain/tumour =======
        SRIM-2013.00
=======================================
    Energy transferred to RECOILS      
 See SRIM Outputs\TDATA.txt for calc. details 
=======================================
 See file: SRIM Outputs\TDATA.txt for data about the calculation
 Ion    =  H   Energy = 35000 keV
============= TARGET MATERIAL ======================================
Layer  1 : Skin_Human (W&W type 1)
Layer Width = 10000.E+03 AAA ;
  Layer # 1- Density = 10.56E22 atoms/cm3 = 1.09 g/cm3
  Layer # 1-  H = 61.7 Atomic Percent = 10.0 Mass Percent
  Layer # 1-  C = 12.9 Atomic Percent = 25.0 Mass Percent
  Layer # 1-  N = 2.04 Atomic Percent = 4.60 Mass Percent
  Layer # 1-  O = 23.1 Atomic Percent = 59.4 Mass Percent
  Layer # 1-  S = 5.82 Atomic Percent = .300 Mass Percent
  Layer # 1- Cl = .052 Atomic Percent = .300 Mass Percent
  Layer # 1- Na = .054 Atomic Percent = .200 Mass Percent
  Layer # 1-  K = 1.59 Atomic Percent = .100 Mass Percent
Layer  2 : Cortical Bone  Adult (W&W)
Layer Width = 40000.E+03 AAA ;
  Layer # 2- Density = 9.946E22 atoms/cm3 = 1.92 g/cm3
  Layer # 2- Ca = 6.53 Atomic Percent = 22.5 Mass Percent
  Layer # 2-  P = 3.86 Atomic Percent = 10.3 Mass Percent
  Layer # 2-  H = 39.2 Atomic Percent = 3.40 Mass Percent
  Layer # 2-  C = 15.0 Atomic Percent = 15.5 Mass Percent
  Layer # 2-  N = 3.48 Atomic Percent = 4.20 Mass Percent
  Layer # 2-  O = 31.6 Atomic Percent = 43.5 Mass Percent
  Layer # 2-  S = .108 Atomic Percent = .300 Mass Percent
  Layer # 2- Mg = 9.57 Atomic Percent = .200 Mass Percent
Layer  3 : Brain (ICRP)
Layer Width = 30000.E+03 AAA ;
  Layer # 3- Density = 10.41E22 atoms/cm3 = 1.03 g/cm3
  Layer # 3-  O = 27.5 Atomic Percent = 73.9 Mass Percent
  Layer # 3-  C = 6.23 Atomic Percent = 12.5 Mass Percent
  Layer # 3-  H = 65.4 Atomic Percent = 11.0 Mass Percent
  Layer # 3-  N = .565 Atomic Percent = 1.33 Mass Percent
  Layer # 3-  P = 6.72 Atomic Percent = .350 Mass Percent
  Layer # 3-  K = 4.71 Atomic Percent = .309 Mass Percent
  Layer # 3- Cl = 4.02 Atomic Percent = .240 Mass Percent
  Layer # 3- Na = 4.65 Atomic Percent = .179 Mass Percent
Layer  4 : Brain Tumour (ICRP brain comp.)
Layer Width = 20000.E+03 AAA ;
  Layer # 4- Density = 10.62E22 atoms/cm3 = 1.05 g/cm3
  Layer # 4-  O = 27.5 Atomic Percent = 73.9 Mass Percent
  Layer # 4-  C = 6.23 Atomic Percent = 12.5 Mass Percent
  Layer # 4-  H = 65.4 Atomic Percent = 11.0 Mass Percent
  Layer # 4-  N = .565 Atomic Percent = 1.33 Mass Percent
  Layer # 4-  P = 6.72 Atomic Percent = .350 Mass Percent
  Layer # 4-  K = 4.71 Atomic Percent = .309 Mass Percent
  Layer # 4- Cl = 4.02 Atomic Percent = .240 Mass Percent
  Layer # 4- Na = 4.65 Atomic Percent = .179 Mass Percent
====================================================================
 Total Ions calculated =10000.00
===========================================================
  Table Energy Units are  >>>>  eV /(Angstrom-Ion)  <<<<  
===========================================================
   DEPTH       ENERGY      Energy       Energy       Energy       Energy       Energy       Energy       Energy       Energy       Energy       Energy       Energy       Energy       Energy       Energy       Energy       Energy       Energy       Energy       Energy       Energy       Energy       Energy       Energy       Energy       Energy       Energy       Energy       Energy       Energy       Energy       Energy       Energy       
   DEPTH        from       Absorbed     Absorbed     Absorbed     Absorbed     Absorbed     Absorbed     Absorbed     Absorbed     Absorbed     Absorbed     Absorbed     Absorbed     Absorbed     Absorbed     Absorbed     Absorbed     Absorbed     Absorbed     Absorbed     Absorbed     Absorbed     Absorbed     Absorbed     Absorbed     Absorbed     Absorbed     Absorbed     Absorbed     Absorbed     Absorbed     Absorbed     Absorbed     
   (Ang.)       IONS       by   H       by   C       by   N       by   O       by   S       by  Cl       by  Na       by   K       by  Ca       by   P       by   H       by   C       by   N       by   O       by   S       by  Mg       by   O       by   C       by   H       by   N       by   P       by   K       by  Cl       by  Na       by   O       by   C       by   H       by   N       by   P       by   K       by  Cl       by  Na       
----------   ------------  -----------  -----------  -----------  -----------  -----------  -----------  -----------  -----------  -----------  -----------  -----------  -----------  -----------  -----------  -----------  -----------  -----------  -----------  -----------  -----------  -----------  -----------  -----------  -----------  -----------  -----------  -----------  -----------  -----------  -----------  -----------  -----------  
100000.E+01  2732.75E-08  1080.60E-08  4140.43E-09  3918.13E-10  1234.18E-08  1979.56E-10  7465.61E-12  1100.64E-11  8421.74E-12  0000.00E+00  0000.00E+00  0000.00E+00  0000.00E+00  0000.00E+00  0000.00E+00  0000.00E+00  0000.00E+00  0000.00E+00  0000.00E+00  0000.00E+00  0000.00E+00  0000.00E+00  0000.00E+00  0000.00E+00  0000.00E+00  0000.00E+00  0000.00E+00  0000.00E+00  0000.00E+00  0000.00E+00  0000.00E+00  0000.00E+00  0000.00E+00  
200000.E+01  1384.27E-07  1129.47E-08  6317.57E-09  7838.62E-08  4283.58E-08  0000.00E+00  1993.00E-10  3274.30E-11  1688.26E-11  0000.00E+00  0000.00E+00  0000.00E+00  0000.00E+00  0000.00E+00  0000.00E+00  0000.00E+00  0000.00E+00  0000.00E+00  0000.00E+00  0000.00E+00  0000.00E+00  0000.00E+00  0000.00E+00  0000.00E+00  0000.00E+00  0000.00E+00  0000.00E+00  0000.00E+00  0000.00E+00  0000.00E+00  0000.00E+00  0000.00E+00  0000.00E+00  
300000.E+01  3878.85E-08  1116.09E-08  5855.46E-09  3431.91E-09  1892.84E-08  3194.65E-11  2162.32E-11  1500.22E-11  1036.47E-11  0000.00E+00  0000.00E+00  0000.00E+00  0000.00E+00  0000.00E+00  0000.00E+00  0000.00E+00  0000.00E+00  0000.00E+00  0000.00E+00  0000.00E+00  0000.00E+00  0000.00E+00  0000.00E+00  0000.00E+00  0000.00E+00  0000.00E+00  0000.00E+00  0000.00E+00  0000.00E+00  0000.00E+00  0000.00E+00  0000.00E+00  0000.00E+00  
400000.E+01  3737.66E-08  1655.45E-08  6224.03E-09  1137.24E-09  1396.29E-08  6624.01E-11  2045.94E-11  8482.19E-11  6880.85E-12  0000.00E+00  0000.00E+00  0000.00E+00  0000.00E+00  0000.00E+00  0000.00E+00  0000.00E+00  0000.00E+00  0000.00E+00  0000.00E+00  0000.00E+00  0000.00E+00  0000.00E+00  0000.00E+00  0000.00E+00  0000.00E+00  0000.00E+00  0000.00E+00  0000.00E+00  0000.00E+00  0000.00E+00  0000.00E+00  0000.00E+00  0000.00E+00  
500000.E+01  3574.43E-08  1406.33E-08  6223.22E-09  1054.19E-09  1502.33E-08  0000.00E+00  2533.89E-11  1610.49E-11  0000.00E+00  0000.00E+00  0000.00E+00  0000.00E+00  0000.00E+00  0000.00E+00  0000.00E+00  0000.00E+00  0000.00E+00  0000.00E+00  0000.00E+00  0000.00E+00  0000.00E+00  0000.00E+00  0000.00E+00  0000.00E+00  0000.00E+00  0000.00E+00  0000.00E+00  0000.00E+00  0000.00E+00  0000.00E+00  0000.00E+00  0000.00E+00  0000.00E+00  
600000.E+01  3597.52E-08  1052.95E-08  1087.74E-08  3906.34E-09  1123.72E-08  2400.72E-11  5501.55E-11  3622.75E-11  0000.00E+00  0000.00E+00  0000.00E+00  0000.00E+00  0000.00E+00  0000.00E+00  0000.00E+00  0000.00E+00  0000.00E+00  0000.00E+00  0000.00E+00  0000.00E+00  0000.00E+00  0000.00E+00  0000.00E+00  0000.00E+00  0000.00E+00  0000.00E+00  0000.00E+00  0000.00E+00  0000.00E+00  0000.00E+00  0000.00E+00  0000.00E+00  0000.00E+00  
700000.E+01  2705.31E-08  1297.75E-08  3213.88E-09  5397.99E-10  1097.64E-08  2737.68E-12  8645.02E-12  3925.61E-12  3967.69E-12  0000.00E+00  0000.00E+00  0000.00E+00  0000.00E+00  0000.00E+00  0000.00E+00  0000.00E+00  0000.00E+00  0000.00E+00  0000.00E+00  0000.00E+00  0000.00E+00  0000.00E+00  0000.00E+00  0000.00E+00  0000.00E+00  0000.00E+00  0000.00E+00  0000.00E+00  0000.00E+00  0000.00E+00  0000.00E+00  0000.00E+00  0000.00E+00  
800000.E+01  3671.67E-08  1199.33E-08  6854.47E-09  6248.44E-10  1782.07E-08  4334.30E-11  4782.29E-11  0000.00E+00  0000.00E+00  0000.00E+00  0000.00E+00  0000.00E+00  0000.00E+00  0000.00E+00  0000.00E+00  0000.00E+00  0000.00E+00  0000.00E+00  0000.00E+00  0000.00E+00  0000.00E+00  0000.00E+00  0000.00E+00  0000.00E+00  0000.00E+00  0000.00E+00  0000.00E+00  0000.00E+00  0000.00E+00  0000.00E+00  0000.00E+00  0000.00E+00  0000.00E+00  
900000.E+01  4290.05E-08  1312.61E-08  8385.68E-09  1247.17E-09  2073.02E-08  6222.08E-11  1850.92E-11  2093.62E-11  3761.79E-12  0000.00E+00  0000.00E+00  0000.00E+00  0000.00E+00  0000.00E+00  0000.00E+00  0000.00E+00  0000.00E+00  0000.00E+00  0000.00E+00  0000.00E+00  0000.00E+00  0000.00E+00  0000.00E+00  0000.00E+00  0000.00E+00  0000.00E+00  0000.00E+00  0000.00E+00  0000.00E+00  0000.00E+00  0000.00E+00  0000.00E+00  0000.00E+00  
100000.E+02  2809.29E-08  1207.04E-08  5353.83E-09  7865.71E-10  1061.13E-08  2033.75E-12  8755.59E-12  3438.82E-12  5017.80E-12  0000.00E+00  0000.00E+00  0000.00E+00  0000.00E+00  0000.00E+00  0000.00E+00  0000.00E+00  0000.00E+00  0000.00E+00  0000.00E+00  0000.00E+00  0000.00E+00  0000.00E+00  0000.00E+00  0000.00E+00  0000.00E+00  0000.00E+00  0000.00E+00  0000.00E+00  0000.00E+00  0000.00E+00  0000.00E+00  0000.00E+00  0000.00E+00  
110000.E+02  5436.26E-08  0000.00E+00  0000.00E+00  0000.00E+00  0000.00E+00  0000.00E+00  0000.00E+00  0000.00E+00  0000.00E+00  1129.91E-08  2942.50E-09  6586.11E-09  4077.54E-09  9426.67E-10  2920.41E-08  2869.93E-11  4989.95E-11  0000.00E+00  0000.00E+00  0000.00E+00  0000.00E+00  0000.00E+00  0000.00E+00  0000.00E+00  0000.00E+00  0000.00E+00  0000.00E+00  0000.00E+00  0000.00E+00  0000.00E+00  0000.00E+00  0000.00E+00  0000.00E+00  
120000.E+02  8268.07E-08  0000.00E+00  0000.00E+00  0000.00E+00  0000.00E+00  0000.00E+00  0000.00E+00  0000.00E+00  0000.00E+00  2811.49E-08  8337.77E-09  1847.80E-08  5679.44E-09  9936.65E-10  2187.05E-08  4253.77E-11  2124.75E-11  0000.00E+00  0000.00E+00  0000.00E+00  0000.00E+00  0000.00E+00  0000.00E+00  0000.00E+00  0000.00E+00  0000.00E+00  0000.00E+00  0000.00E+00  0000.00E+00  0000.00E+00  0000.00E+00  0000.00E+00  0000.00E+00  
130000.E+02  4399.90E-08  0000.00E+00  0000.00E+00  0000.00E+00  0000.00E+00  0000.00E+00  0000.00E+00  0000.00E+00  0000.00E+00  1074.79E-08  3188.83E-09  6369.84E-09  4615.97E-09  1228.13E-09  1858.89E-08  1782.41E-11  7918.90E-11  0000.00E+00  0000.00E+00  0000.00E+00  0000.00E+00  0000.00E+00  0000.00E+00  0000.00E+00  0000.00E+00  0000.00E+00  0000.00E+00  0000.00E+00  0000.00E+00  0000.00E+00  0000.00E+00  0000.00E+00  0000.00E+00  
140000.E+02  5192.70E-08  0000.00E+00  0000.00E+00  0000.00E+00  0000.00E+00  0000.00E+00  0000.00E+00  0000.00E+00  0000.00E+00  7675.93E-09  3621.75E-09  6248.00E-09  1649.26E-08  2471.65E-09  1610.82E-08  7922.67E-11  9604.63E-11  0000.00E+00  0000.00E+00  0000.00E+00  0000.00E+00  0000.00E+00  0000.00E+00  0000.00E+00  0000.00E+00  0000.00E+00  0000.00E+00  0000.00E+00  0000.00E+00  0000.00E+00  0000.00E+00  0000.00E+00  0000.00E+00  
150000.E+02  8242.43E-08  0000.00E+00  0000.00E+00  0000.00E+00  0000.00E+00  0000.00E+00  0000.00E+00  0000.00E+00  0000.00E+00  1556.62E-08  5392.59E-09  1703.63E-08  8092.31E-09  1456.32E-09  3545.19E-08  1976.27E-11  2691.04E-10  0000.00E+00  0000.00E+00  0000.00E+00  0000.00E+00  0000.00E+00  0000.00E+00  0000.00E+00  0000.00E+00  0000.00E+00  0000.00E+00  0000.00E+00  0000.00E+00  0000.00E+00  0000.00E+00  0000.00E+00  0000.00E+00  
160000.E+02  1263.55E-07  0000.00E+00  0000.00E+00  0000.00E+00  0000.00E+00  0000.00E+00  0000.00E+00  0000.00E+00  0000.00E+00  1008.22E-08  4996.18E-09  1626.85E-08  1142.94E-08  1708.55E-09  8256.00E-08  1197.83E-10  8133.31E-11  0000.00E+00  0000.00E+00  0000.00E+00  0000.00E+00  0000.00E+00  0000.00E+00  0000.00E+00  0000.00E+00  0000.00E+00  0000.00E+00  0000.00E+00  0000.00E+00  0000.00E+00  0000.00E+00  0000.00E+00  0000.00E+00  
170000.E+02  7827.77E-08  0000.00E+00  0000.00E+00  0000.00E+00  0000.00E+00  0000.00E+00  0000.00E+00  0000.00E+00  0000.00E+00  3597.08E-08  5358.04E-09  6852.20E-09  8779.92E-09  1521.31E-09  2051.79E-08  1475.81E-10  2067.06E-11  0000.00E+00  0000.00E+00  0000.00E+00  0000.00E+00  0000.00E+00  0000.00E+00  0000.00E+00  0000.00E+00  0000.00E+00  0000.00E+00  0000.00E+00  0000.00E+00  0000.00E+00  0000.00E+00  0000.00E+00  0000.00E+00  
180000.E+02  5936.21E-08  0000.00E+00  0000.00E+00  0000.00E+00  0000.00E+00  0000.00E+00  0000.00E+00  0000.00E+00  0000.00E+00  9620.57E-09  3689.31E-09  7591.60E-09  8935.37E-09  3206.11E-09  2668.27E-08  6064.68E-11  5007.41E-10  0000.00E+00  0000.00E+00  0000.00E+00  0000.00E+00  0000.00E+00  0000.00E+00  0000.00E+00  0000.00E+00  0000.00E+00  0000.00E+00  0000.00E+00  0000.00E+00  0000.00E+00  0000.00E+00  0000.00E+00  0000.00E+00  
190000.E+02  5832.84E-08  0000.00E+00  0000.00E+00  0000.00E+00  0000.00E+00  0000.00E+00  0000.00E+00  0000.00E+00  0000.00E+00  8993.92E-09  5547.28E-09  6530.37E-09  6851.07E-09  1180.89E-09  2877.75E-08  7109.37E-11  1308.61E-09  0000.00E+00  0000.00E+00  0000.00E+00  0000.00E+00  0000.00E+00  0000.00E+00  0000.00E+00  0000.00E+00  0000.00E+00  0000.00E+00  0000.00E+00  0000.00E+00  0000.00E+00  0000.00E+00  0000.00E+00  0000.00E+00  
200000.E+02  6843.15E-08  0000.00E+00  0000.00E+00  0000.00E+00  0000.00E+00  0000.00E+00  0000.00E+00  0000.00E+00  0000.00E+00  1233.24E-08  4616.99E-09  7270.20E-09  5555.37E-09  1075.27E-09  3830.30E-08  1172.25E-10  6574.45E-11  0000.00E+00  0000.00E+00  0000.00E+00  0000.00E+00  0000.00E+00  0000.00E+00  0000.00E+00  0000.00E+00  0000.00E+00  0000.00E+00  0000.00E+00  0000.00E+00  0000.00E+00  0000.00E+00  0000.00E+00  0000.00E+00  
210000.E+02  9527.27E-08  0000.00E+00  0000.00E+00  0000.00E+00  0000.00E+00  0000.00E+00  0000.00E+00  0000.00E+00  0000.00E+00  7289.50E-09  4795.15E-09  1682.77E-08  3468.65E-08  1061.67E-09  3149.03E-08  3133.24E-11  2418.19E-11  0000.00E+00  0000.00E+00  0000.00E+00  0000.00E+00  0000.00E+00  0000.00E+00  0000.00E+00  0000.00E+00  0000.00E+00  0000.00E+00  0000.00E+00  0000.00E+00  0000.00E+00  0000.00E+00  0000.00E+00  0000.00E+00  
220000.E+02  7765.30E-08  0000.00E+00  0000.00E+00  0000.00E+00  0000.00E+00  0000.00E+00  0000.00E+00  0000.00E+00  0000.00E+00  1372.22E-08  7613.84E-09  5484.69E-09  1653.83E-08  1711.63E-09  3343.39E-08  1183.42E-11  7060.19E-11  0000.00E+00  0000.00E+00  0000.00E+00  0000.00E+00  0000.00E+00  0000.00E+00  0000.00E+00  0000.00E+00  0000.00E+00  0000.00E+00  0000.00E+00  0000.00E+00  0000.00E+00  0000.00E+00  0000.00E+00  0000.00E+00  
230000.E+02  8406.29E-08  0000.00E+00  0000.00E+00  0000.00E+00  0000.00E+00  0000.00E+00  0000.00E+00  0000.00E+00  0000.00E+00  1125.93E-08  2275.57E-08  7174.00E-09  1129.76E-08  2917.63E-09  2945.04E-08  1166.17E-10  3606.39E-11  0000.00E+00  0000.00E+00  0000.00E+00  0000.00E+00  0000.00E+00  0000.00E+00  0000.00E+00  0000.00E+00  0000.00E+00  0000.00E+00  0000.00E+00  0000.00E+00  0000.00E+00  0000.00E+00  0000.00E+00  0000.00E+00  
240000.E+02  6591.11E-08  0000.00E+00  0000.00E+00  0000.00E+00  0000.00E+00  0000.00E+00  0000.00E+00  0000.00E+00  0000.00E+00  1180.20E-08  7081.77E-09  2403.99E-08  6366.25E-09  2174.01E-09  1532.61E-08  5403.77E-11  3263.59E-11  0000.00E+00  0000.00E+00  0000.00E+00  0000.00E+00  0000.00E+00  0000.00E+00  0000.00E+00  0000.00E+00  0000.00E+00  0000.00E+00  0000.00E+00  0000.00E+00  0000.00E+00  0000.00E+00  0000.00E+00  0000.00E+00  
250000.E+02  9074.53E-08  0000.00E+00  0000.00E+00  0000.00E+00  0000.00E+00  0000.00E+00  0000.00E+00  0000.00E+00  0000.00E+00  1077.01E-08  3111.30E-09  2505.22E-08  8554.45E-09  1172.88E-09  4271.83E-08  3330.66E-10  2301.66E-11  0000.00E+00  0000.00E+00  0000.00E+00  0000.00E+00  0000.00E+00  0000.00E+00  0000.00E+00  0000.00E+00  0000.00E+00  0000.00E+00  0000.00E+00  0000.00E+00  0000.00E+00  0000.00E+00  0000.00E+00  0000.00E+00  
260000.E+02  8524.21E-08  0000.00E+00  0000.00E+00  0000.00E+00  0000.00E+00  0000.00E+00  0000.00E+00  0000.00E+00  0000.00E+00  8280.06E-09  4143.65E-09  7065.12E-09  7596.20E-09  1274.91E-08  4632.61E-08  7047.94E-11  1066.39E-11  0000.00E+00  0000.00E+00  0000.00E+00  0000.00E+00  0000.00E+00  0000.00E+00  0000.00E+00  0000.00E+00  0000.00E+00  0000.00E+00  0000.00E+00  0000.00E+00  0000.00E+00  0000.00E+00  0000.00E+00  0000.00E+00  
270000.E+02  4434.06E-08  0000.00E+00  0000.00E+00  0000.00E+00  0000.00E+00  0000.00E+00  0000.00E+00  0000.00E+00  0000.00E+00  1196.65E-08  3732.02E-09  5607.06E-09  5088.11E-09  1071.60E-09  1762.01E-08  9006.50E-11  1473.35E-10  0000.00E+00  0000.00E+00  0000.00E+00  0000.00E+00  0000.00E+00  0000.00E+00  0000.00E+00  0000.00E+00  0000.00E+00  0000.00E+00  0000.00E+00  0000.00E+00  0000.00E+00  0000.00E+00  0000.00E+00  0000.00E+00  
280000.E+02  6384.13E-08  0000.00E+00  0000.00E+00  0000.00E+00  0000.00E+00  0000.00E+00  0000.00E+00  0000.00E+00  0000.00E+00  1730.01E-08  3178.34E-09  9338.74E-09  4638.07E-09  6988.97E-10  2957.81E-08  4769.83E-11  4272.49E-11  0000.00E+00  0000.00E+00  0000.00E+00  0000.00E+00  0000.00E+00  0000.00E+00  0000.00E+00  0000.00E+00  0000.00E+00  0000.00E+00  0000.00E+00  0000.00E+00  0000.00E+00  0000.00E+00  0000.00E+00  0000.00E+00  
290000.E+02  6065.86E-08  0000.00E+00  0000.00E+00  0000.00E+00  0000.00E+00  0000.00E+00  0000.00E+00  0000.00E+00  0000.00E+00  1287.56E-08  4627.34E-09  1417.87E-08  6431.70E-09  2899.87E-09  2057.61E-08  1018.12E-11  9644.85E-11  0000.00E+00  0000.00E+00  0000.00E+00  0000.00E+00  0000.00E+00  0000.00E+00  0000.00E+00  0000.00E+00  0000.00E+00  0000.00E+00  0000.00E+00  0000.00E+00  0000.00E+00  0000.00E+00  0000.00E+00  0000.00E+00  
300000.E+02  6073.53E-08  0000.00E+00  0000.00E+00  0000.00E+00  0000.00E+00  0000.00E+00  0000.00E+00  0000.00E+00  0000.00E+00  1073.38E-08  4392.45E-09  9933.85E-09  5972.78E-09  1391.66E-09  2917.55E-08  7204.06E-11  8779.81E-11  0000.00E+00  0000.00E+00  0000.00E+00  0000.00E+00  0000.00E+00  0000.00E+00  0000.00E+00  0000.00E+00  0000.00E+00  0000.00E+00  0000.00E+00  0000.00E+00  0000.00E+00  0000.00E+00  0000.00E+00  0000.00E+00  
310000.E+02  9393.95E-08  0000.00E+00  0000.00E+00  0000.00E+00  0000.00E+00  0000.00E+00  0000.00E+00  0000.00E+00  0000.00E+00  3431.00E-08  6039.31E-09  1190.67E-08  1015.43E-08  1593.85E-09  3077.15E-08  1606.14E-10  8973.65E-11  0000.00E+00  0000.00E+00  0000.00E+00  0000.00E+00  0000.00E+00  0000.00E+00  0000.00E+00  0000.00E+00  0000.00E+00  0000.00E+00  0000.00E+00  0000.00E+00  0000.00E+00  0000.00E+00  0000.00E+00  0000.00E+00  
320000.E+02  1107.38E-07  0000.00E+00  0000.00E+00  0000.00E+00  0000.00E+00  0000.00E+00  0000.00E+00  0000.00E+00  0000.00E+00  6538.07E-08  3936.09E-09  6781.60E-09  7250.87E-09  2127.36E-09  2509.49E-08  1172.29E-09  5901.90E-11  0000.00E+00  0000.00E+00  0000.00E+00  0000.00E+00  0000.00E+00  0000.00E+00  0000.00E+00  0000.00E+00  0000.00E+00  0000.00E+00  0000.00E+00  0000.00E+00  0000.00E+00  0000.00E+00  0000.00E+00  0000.00E+00  
330000.E+02  6009.01E-08  0000.00E+00  0000.00E+00  0000.00E+00  0000.00E+00  0000.00E+00  0000.00E+00  0000.00E+00  0000.00E+00  1110.87E-08  4287.70E-09  8841.77E-09  8768.96E-09  4279.50E-09  2233.93E-08  1557.72E-09  1226.85E-11  0000.00E+00  0000.00E+00  0000.00E+00  0000.00E+00  0000.00E+00  0000.00E+00  0000.00E+00  0000.00E+00  0000.00E+00  0000.00E+00  0000.00E+00  0000.00E+00  0000.00E+00  0000.00E+00  0000.00E+00  0000.00E+00  
340000.E+02  6416.57E-08  0000.00E+00  0000.00E+00  0000.00E+00  0000.00E+00  0000.00E+00  0000.00E+00  0000.00E+00  0000.00E+00  2283.63E-08  5553.20E-09  9118.02E-09  6842.27E-09  2541.96E-09  1803.59E-08  2233.00E-10  1022.60E-10  0000.00E+00  0000.00E+00  0000.00E+00  0000.00E+00  0000.00E+00  0000.00E+00  0000.00E+00  0000.00E+00  0000.00E+00  0000.00E+00  0000.00E+00  0000.00E+00  0000.00E+00  0000.00E+00  0000.00E+00  0000.00E+00  
350000.E+02  6955.36E-08  0000.00E+00  0000.00E+00  0000.00E+00  0000.00E+00  0000.00E+00  0000.00E+00  0000.00E+00  0000.00E+00  1600.69E-08  3703.97E-09  9949.31E-09  7870.18E-09  1027.13E-08  2276.81E-08  7486.76E-11  1668.65E-11  0000.00E+00  0000.00E+00  0000.00E+00  0000.00E+00  0000.00E+00  0000.00E+00  0000.00E+00  0000.00E+00  0000.00E+00  0000.00E+00  0000.00E+00  0000.00E+00  0000.00E+00  0000.00E+00  0000.00E+00  0000.00E+00  
360000.E+02  1144.08E-07  0000.00E+00  0000.00E+00  0000.00E+00  0000.00E+00  0000.00E+00  0000.00E+00  0000.00E+00  0000.00E+00  2247.10E-08  4119.41E-09  2465.91E-08  1773.47E-08  1868.17E-09  4458.72E-08  7026.79E-11  1366.81E-11  0000.00E+00  0000.00E+00  0000.00E+00  0000.00E+00  0000.00E+00  0000.00E+00  0000.00E+00  0000.00E+00  0000.00E+00  0000.00E+00  0000.00E+00  0000.00E+00  0000.00E+00  0000.00E+00  0000.00E+00  0000.00E+00  
370000.E+02  6959.72E-08  0000.00E+00  0000.00E+00  0000.00E+00  0000.00E+00  0000.00E+00  0000.00E+00  0000.00E+00  0000.00E+00  2037.80E-08  3153.82E-09  8708.22E-09  1114.93E-08  1247.22E-09  2586.63E-08  2004.77E-10  3007.12E-11  0000.00E+00  0000.00E+00  0000.00E+00  0000.00E+00  0000.00E+00  0000.00E+00  0000.00E+00  0000.00E+00  0000.00E+00  0000.00E+00  0000.00E+00  0000.00E+00  0000.00E+00  0000.00E+00  0000.00E+00  0000.00E+00  
380000.E+02  1086.52E-07  0000.00E+00  0000.00E+00  0000.00E+00  0000.00E+00  0000.00E+00  0000.00E+00  0000.00E+00  0000.00E+00  1760.45E-08  1208.57E-08  8988.66E-09  6671.25E-09  6978.64E-09  5714.51E-08  2029.63E-10  1548.87E-10  0000.00E+00  0000.00E+00  0000.00E+00  0000.00E+00  0000.00E+00  0000.00E+00  0000.00E+00  0000.00E+00  0000.00E+00  0000.00E+00  0000.00E+00  0000.00E+00  0000.00E+00  0000.00E+00  0000.00E+00  0000.00E+00  
390000.E+02  1330.35E-07  0000.00E+00  0000.00E+00  0000.00E+00  0000.00E+00  0000.00E+00  0000.00E+00  0000.00E+00  0000.00E+00  1678.62E-08  4224.35E-09  1114.01E-08  2065.71E-08  3630.71E-09  7752.36E-08  1317.75E-10  1235.77E-10  0000.00E+00  0000.00E+00  0000.00E+00  0000.00E+00  0000.00E+00  0000.00E+00  0000.00E+00  0000.00E+00  0000.00E+00  0000.00E+00  0000.00E+00  0000.00E+00  0000.00E+00  0000.00E+00  0000.00E+00  0000.00E+00  
400000.E+02  1885.90E-07  0000.00E+00  0000.00E+00  0000.00E+00  0000.00E+00  0000.00E+00  0000.00E+00  0000.00E+00  0000.00E+00  5245.31E-08  4558.12E-09  1130.98E-08  1098.49E-08  4746.46E-08  6268.26E-08  2798.01E-10  5785.82E-11  0000.00E+00  0000.00E+00  0000.00E+00  0000.00E+00  0000.00E+00  0000.00E+00  0000.00E+00  0000.00E+00  0000.00E+00  0000.00E+00  0000.00E+00  0000.00E+00  0000.00E+00  0000.00E+00  0000.00E+00  0000.00E+00  
410000.E+02  1163.91E-07  0000.00E+00  0000.00E+00  0000.00E+00  0000.00E+00  0000.00E+00  0000.00E+00  0000.00E+00  0000.00E+00  2386.82E-08  9366.16E-09  4733.66E-08  8023.59E-09  2092.18E-09  2644.09E-08  3623.33E-10  4769.95E-11  0000.00E+00  0000.00E+00  0000.00E+00  0000.00E+00  0000.00E+00  0000.00E+00  0000.00E+00  0000.00E+00  0000.00E+00  0000.00E+00  0000.00E+00  0000.00E+00  0000.00E+00  0000.00E+00  0000.00E+00  0000.00E+00  
420000.E+02  1061.60E-07  0000.00E+00  0000.00E+00  0000.00E+00  0000.00E+00  0000.00E+00  0000.00E+00  0000.00E+00  0000.00E+00  2130.97E-08  2705.91E-08  9351.20E-09  8357.26E-09  2815.47E-09  3834.55E-08  1239.09E-10  5619.07E-11  0000.00E+00  0000.00E+00  0000.00E+00  0000.00E+00  0000.00E+00  0000.00E+00  0000.00E+00  0000.00E+00  0000.00E+00  0000.00E+00  0000.00E+00  0000.00E+00  0000.00E+00  0000.00E+00  0000.00E+00  0000.00E+00  
430000.E+02  5777.14E-08  0000.00E+00  0000.00E+00  0000.00E+00  0000.00E+00  0000.00E+00  0000.00E+00  0000.00E+00  0000.00E+00  1167.36E-08  3942.38E-09  8288.37E-09  8445.26E-09  4396.77E-09  2220.50E-08  3408.67E-11  3054.15E-11  0000.00E+00  0000.00E+00  0000.00E+00  0000.00E+00  0000.00E+00  0000.00E+00  0000.00E+00  0000.00E+00  0000.00E+00  0000.00E+00  0000.00E+00  0000.00E+00  0000.00E+00  0000.00E+00  0000.00E+00  0000.00E+00  
440000.E+02  7334.70E-08  0000.00E+00  0000.00E+00  0000.00E+00  0000.00E+00  0000.00E+00  0000.00E+00  0000.00E+00  0000.00E+00  1105.90E-08  3958.08E-09  1226.19E-08  1409.61E-08  2440.45E-09  3069.78E-08  9611.59E-11  4223.23E-11  0000.00E+00  0000.00E+00  0000.00E+00  0000.00E+00  0000.00E+00  0000.00E+00  0000.00E+00  0000.00E+00  0000.00E+00  0000.00E+00  0000.00E+00  0000.00E+00  0000.00E+00  0000.00E+00  0000.00E+00  0000.00E+00  
450000.E+02  8096.23E-08  0000.00E+00  0000.00E+00  0000.00E+00  0000.00E+00  0000.00E+00  0000.00E+00  0000.00E+00  0000.00E+00  1715.59E-08  6216.71E-09  8517.35E-09  1000.77E-08  2572.68E-09  3762.57E-08  9084.94E-11  5038.76E-11  0000.00E+00  0000.00E+00  0000.00E+00  0000.00E+00  0000.00E+00  0000.00E+00  0000.00E+00  0000.00E+00  0000.00E+00  0000.00E+00  0000.00E+00  0000.00E+00  0000.00E+00  0000.00E+00  0000.00E+00  0000.00E+00  
460000.E+02  4892.29E-07  0000.00E+00  0000.00E+00  0000.00E+00  0000.00E+00  0000.00E+00  0000.00E+00  0000.00E+00  0000.00E+00  1825.71E-08  7801.76E-09  8684.01E-09  1109.13E-08  1707.26E-09  4429.14E-07  1165.66E-10  1623.02E-11  0000.00E+00  0000.00E+00  0000.00E+00  0000.00E+00  0000.00E+00  0000.00E+00  0000.00E+00  0000.00E+00  0000.00E+00  0000.00E+00  0000.00E+00  0000.00E+00  0000.00E+00  0000.00E+00  0000.00E+00  0000.00E+00  
470000.E+02  2495.67E-07  0000.00E+00  0000.00E+00  0000.00E+00  0000.00E+00  0000.00E+00  0000.00E+00  0000.00E+00  0000.00E+00  1376.47E-08  1249.42E-08  1363.99E-08  1496.53E-08  2085.15E-09  1938.05E-07  9037.08E-11  7978.34E-11  0000.00E+00  0000.00E+00  0000.00E+00  0000.00E+00  0000.00E+00  0000.00E+00  0000.00E+00  0000.00E+00  0000.00E+00  0000.00E+00  0000.00E+00  0000.00E+00  0000.00E+00  0000.00E+00  0000.00E+00  0000.00E+00  
480000.E+02  1842.61E-07  0000.00E+00  0000.00E+00  0000.00E+00  0000.00E+00  0000.00E+00  0000.00E+00  0000.00E+00  0000.00E+00  1639.51E-08  4196.78E-08  1761.73E-08  6961.73E-08  4873.04E-09  3503.31E-08  1165.23E-10  2538.35E-11  0000.00E+00  0000.00E+00  0000.00E+00  0000.00E+00  0000.00E+00  0000.00E+00  0000.00E+00  0000.00E+00  0000.00E+00  0000.00E+00  0000.00E+00  0000.00E+00  0000.00E+00  0000.00E+00  0000.00E+00  0000.00E+00  
490000.E+02  9272.62E-08  0000.00E+00  0000.00E+00  0000.00E+00  0000.00E+00  0000.00E+00  0000.00E+00  0000.00E+00  0000.00E+00  1264.00E-08  6149.58E-09  1988.40E-08  8992.81E-09  2937.58E-09  4313.62E-08  3064.16E-10  1016.90E-10  0000.00E+00  0000.00E+00  0000.00E+00  0000.00E+00  0000.00E+00  0000.00E+00  0000.00E+00  0000.00E+00  0000.00E+00  0000.00E+00  0000.00E+00  0000.00E+00  0000.00E+00  0000.00E+00  0000.00E+00  0000.00E+00  
500000.E+02  1172.21E-07  0000.00E+00  0000.00E+00  0000.00E+00  0000.00E+00  0000.00E+00  0000.00E+00  0000.00E+00  0000.00E+00  4351.00E-08  5072.14E-09  1266.48E-08  1568.25E-08  2086.31E-09  3803.53E-08  1624.34E-09  5403.26E-11  0000.00E+00  0000.00E+00  0000.00E+00  0000.00E+00  0000.00E+00  0000.00E+00  0000.00E+00  0000.00E+00  0000.00E+00  0000.00E+00  0000.00E+00  0000.00E+00  0000.00E+00  0000.00E+00  0000.00E+00  0000.00E+00  
510000.E+02  5015.17E-08  0000.00E+00  0000.00E+00  0000.00E+00  0000.00E+00  0000.00E+00  0000.00E+00  0000.00E+00  0000.00E+00  0000.00E+00  0000.00E+00  0000.00E+00  0000.00E+00  0000.00E+00  0000.00E+00  0000.00E+00  0000.00E+00  2541.47E-08  5551.11E-09  1956.74E-08  6015.60E-10  2994.89E-11  1684.56E-11  3641.63E-11  6203.27E-11  0000.00E+00  0000.00E+00  0000.00E+00  0000.00E+00  0000.00E+00  0000.00E+00  0000.00E+00  0000.00E+00  
520000.E+02  9904.20E-08  0000.00E+00  0000.00E+00  0000.00E+00  0000.00E+00  0000.00E+00  0000.00E+00  0000.00E+00  0000.00E+00  0000.00E+00  0000.00E+00  0000.00E+00  0000.00E+00  0000.00E+00  0000.00E+00  0000.00E+00  0000.00E+00  4153.61E-08  2998.72E-09  5493.62E-08  2121.36E-10  3016.98E-11  6839.29E-11  4957.27E-10  4950.21E-11  0000.00E+00  0000.00E+00  0000.00E+00  0000.00E+00  0000.00E+00  0000.00E+00  0000.00E+00  0000.00E+00  
530000.E+02  1461.83E-07  0000.00E+00  0000.00E+00  0000.00E+00  0000.00E+00  0000.00E+00  0000.00E+00  0000.00E+00  0000.00E+00  0000.00E+00  0000.00E+00  0000.00E+00  0000.00E+00  0000.00E+00  0000.00E+00  0000.00E+00  0000.00E+00  4386.21E-08  7832.89E-08  2479.96E-08  2846.25E-10  6316.47E-11  1339.27E-11  6413.81E-11  3956.08E-11  0000.00E+00  0000.00E+00  0000.00E+00  0000.00E+00  0000.00E+00  0000.00E+00  0000.00E+00  0000.00E+00  
540000.E+02  5473.73E-08  0000.00E+00  0000.00E+00  0000.00E+00  0000.00E+00  0000.00E+00  0000.00E+00  0000.00E+00  0000.00E+00  0000.00E+00  0000.00E+00  0000.00E+00  0000.00E+00  0000.00E+00  0000.00E+00  0000.00E+00  0000.00E+00  2888.77E-08  3950.63E-09  2141.78E-08  4649.57E-10  2615.91E-11  1084.39E-11  1083.76E-11  1240.09E-09  0000.00E+00  0000.00E+00  0000.00E+00  0000.00E+00  0000.00E+00  0000.00E+00  0000.00E+00  0000.00E+00  
550000.E+02  8775.22E-08  0000.00E+00  0000.00E+00  0000.00E+00  0000.00E+00  0000.00E+00  0000.00E+00  0000.00E+00  0000.00E+00  0000.00E+00  0000.00E+00  0000.00E+00  0000.00E+00  0000.00E+00  0000.00E+00  0000.00E+00  0000.00E+00  5365.78E-08  4608.13E-09  3023.11E-08  3272.79E-10  3177.00E-11  1260.57E-10  5757.05E-11  3524.46E-11  0000.00E+00  0000.00E+00  0000.00E+00  0000.00E+00  0000.00E+00  0000.00E+00  0000.00E+00  0000.00E+00  
560000.E+02  6643.76E-08  0000.00E+00  0000.00E+00  0000.00E+00  0000.00E+00  0000.00E+00  0000.00E+00  0000.00E+00  0000.00E+00  0000.00E+00  0000.00E+00  0000.00E+00  0000.00E+00  0000.00E+00  0000.00E+00  0000.00E+00  0000.00E+00  3095.65E-08  4939.39E-09  3132.04E-08  4020.75E-10  3850.89E-11  6220.08E-11  1252.85E-11  6052.76E-11  0000.00E+00  0000.00E+00  0000.00E+00  0000.00E+00  0000.00E+00  0000.00E+00  0000.00E+00  0000.00E+00  
570000.E+02  1045.99E-07  0000.00E+00  0000.00E+00  0000.00E+00  0000.00E+00  0000.00E+00  0000.00E+00  0000.00E+00  0000.00E+00  0000.00E+00  0000.00E+00  0000.00E+00  0000.00E+00  0000.00E+00  0000.00E+00  0000.00E+00  0000.00E+00  6696.64E-08  6161.01E-09  3231.61E-08  2089.72E-10  1160.96E-10  5065.06E-11  4721.96E-11  9422.78E-11  0000.00E+00  0000.00E+00  0000.00E+00  0000.00E+00  0000.00E+00  0000.00E+00  0000.00E+00  0000.00E+00  
580000.E+02  8020.04E-08  0000.00E+00  0000.00E+00  0000.00E+00  0000.00E+00  0000.00E+00  0000.00E+00  0000.00E+00  0000.00E+00  0000.00E+00  0000.00E+00  0000.00E+00  0000.00E+00  0000.00E+00  0000.00E+00  0000.00E+00  0000.00E+00  3613.83E-08  1215.53E-08  3074.05E-08  2427.89E-09  2671.33E-11  9074.13E-11  2062.93E-11  2180.93E-11  0000.00E+00  0000.00E+00  0000.00E+00  0000.00E+00  0000.00E+00  0000.00E+00  0000.00E+00  0000.00E+00  
590000.E+02  7677.95E-08  0000.00E+00  0000.00E+00  0000.00E+00  0000.00E+00  0000.00E+00  0000.00E+00  0000.00E+00  0000.00E+00  0000.00E+00  0000.00E+00  0000.00E+00  0000.00E+00  0000.00E+00  0000.00E+00  0000.00E+00  0000.00E+00  5106.09E-08  5197.86E-09  2148.95E-08  3140.66E-10  3572.47E-12  9001.33E-11  1943.99E-11  2458.43E-11  0000.00E+00  0000.00E+00  0000.00E+00  0000.00E+00  0000.00E+00  0000.00E+00  0000.00E+00  0000.00E+00  
600000.E+02  7758.14E-08  0000.00E+00  0000.00E+00  0000.00E+00  0000.00E+00  0000.00E+00  0000.00E+00  0000.00E+00  0000.00E+00  0000.00E+00  0000.00E+00  0000.00E+00  0000.00E+00  0000.00E+00  0000.00E+00  0000.00E+00  0000.00E+00  3393.55E-08  1705.09E-08  2752.56E-08  2346.64E-10  9853.57E-11  1189.62E-10  3365.39E-11  4786.36E-11  0000.00E+00  0000.00E+00  0000.00E+00  0000.00E+00  0000.00E+00  0000.00E+00  0000.00E+00  0000.00E+00  
610000.E+02  7359.38E-08  0000.00E+00  0000.00E+00  0000.00E+00  0000.00E+00  0000.00E+00  0000.00E+00  0000.00E+00  0000.00E+00  0000.00E+00  0000.00E+00  0000.00E+00  0000.00E+00  0000.00E+00  0000.00E+00  0000.00E+00  0000.00E+00  3770.79E-08  8832.89E-09  2801.04E-08  3676.24E-10  5868.72E-11  4987.44E-11  3239.27E-11  4306.52E-11  0000.00E+00  0000.00E+00  0000.00E+00  0000.00E+00  0000.00E+00  0000.00E+00  0000.00E+00  0000.00E+00  
620000.E+02  8776.74E-08  0000.00E+00  0000.00E+00  0000.00E+00  0000.00E+00  0000.00E+00  0000.00E+00  0000.00E+00  0000.00E+00  0000.00E+00  0000.00E+00  0000.00E+00  0000.00E+00  0000.00E+00  0000.00E+00  0000.00E+00  0000.00E+00  3369.19E-08  2770.57E-08  2719.50E-08  4435.42E-10  7162.71E-11  1017.16E-10  1981.80E-11  1357.61E-11  0000.00E+00  0000.00E+00  0000.00E+00  0000.00E+00  0000.00E+00  0000.00E+00  0000.00E+00  0000.00E+00  
630000.E+02  7163.56E-08  0000.00E+00  0000.00E+00  0000.00E+00  0000.00E+00  0000.00E+00  0000.00E+00  0000.00E+00  0000.00E+00  0000.00E+00  0000.00E+00  0000.00E+00  0000.00E+00  0000.00E+00  0000.00E+00  0000.00E+00  0000.00E+00  2970.68E-08  6226.02E-09  3473.09E-08  2120.21E-09  1573.35E-10  7638.25E-11  7839.66E-11  1082.02E-10  0000.00E+00  0000.00E+00  0000.00E+00  0000.00E+00  0000.00E+00  0000.00E+00  0000.00E+00  0000.00E+00  
640000.E+02  8744.59E-08  0000.00E+00  0000.00E+00  0000.00E+00  0000.00E+00  0000.00E+00  0000.00E+00  0000.00E+00  0000.00E+00  0000.00E+00  0000.00E+00  0000.00E+00  0000.00E+00  0000.00E+00  0000.00E+00  0000.00E+00  0000.00E+00  3803.92E-08  6646.81E-09  4111.98E-08  3018.92E-09  5243.58E-11  5067.67E-11  2420.78E-11  6854.68E-11  0000.00E+00  0000.00E+00  0000.00E+00  0000.00E+00  0000.00E+00  0000.00E+00  0000.00E+00  0000.00E+00  
650000.E+02  9011.53E-08  0000.00E+00  0000.00E+00  0000.00E+00  0000.00E+00  0000.00E+00  0000.00E+00  0000.00E+00  0000.00E+00  0000.00E+00  0000.00E+00  0000.00E+00  0000.00E+00  0000.00E+00  0000.00E+00  0000.00E+00  0000.00E+00  5186.12E-08  4810.01E-09  3350.39E-08  1218.76E-09  6799.92E-11  1587.84E-10  6266.84E-11  4841.85E-11  0000.00E+00  0000.00E+00  0000.00E+00  0000.00E+00  0000.00E+00  0000.00E+00  0000.00E+00  0000.00E+00  
660000.E+02  8430.92E-08  0000.00E+00  0000.00E+00  0000.00E+00  0000.00E+00  0000.00E+00  0000.00E+00  0000.00E+00  0000.00E+00  0000.00E+00  0000.00E+00  0000.00E+00  0000.00E+00  0000.00E+00  0000.00E+00  0000.00E+00  0000.00E+00  4151.66E-08  7473.71E-09  3624.12E-08  5040.26E-10  3145.37E-11  6159.48E-11  9882.56E-11  4869.54E-11  0000.00E+00  0000.00E+00  0000.00E+00  0000.00E+00  0000.00E+00  0000.00E+00  0000.00E+00  0000.00E+00  
670000.E+02  7270.45E-08  0000.00E+00  0000.00E+00  0000.00E+00  0000.00E+00  0000.00E+00  0000.00E+00  0000.00E+00  0000.00E+00  0000.00E+00  0000.00E+00  0000.00E+00  0000.00E+00  0000.00E+00  0000.00E+00  0000.00E+00  0000.00E+00  4107.59E-08  6188.43E-09  2633.34E-08  6228.29E-10  4951.38E-11  1145.80E-10  3454.05E-11  3130.65E-11  0000.00E+00  0000.00E+00  0000.00E+00  0000.00E+00  0000.00E+00  0000.00E+00  0000.00E+00  0000.00E+00  
680000.E+02  7594.55E-08  0000.00E+00  0000.00E+00  0000.00E+00  0000.00E+00  0000.00E+00  0000.00E+00  0000.00E+00  0000.00E+00  0000.00E+00  0000.00E+00  0000.00E+00  0000.00E+00  0000.00E+00  0000.00E+00  0000.00E+00  0000.00E+00  3909.52E-08  8801.42E-09  2889.15E-08  4012.10E-10  5191.14E-11  3027.51E-10  1009.96E-10  1109.92E-11  0000.00E+00  0000.00E+00  0000.00E+00  0000.00E+00  0000.00E+00  0000.00E+00  0000.00E+00  0000.00E+00  
690000.E+02  1170.51E-07  0000.00E+00  0000.00E+00  0000.00E+00  0000.00E+00  0000.00E+00  0000.00E+00  0000.00E+00  0000.00E+00  0000.00E+00  0000.00E+00  0000.00E+00  0000.00E+00  0000.00E+00  0000.00E+00  0000.00E+00  0000.00E+00  7126.94E-08  6850.62E-09  3936.38E-08  2456.60E-10  1292.92E-10  1321.84E-10  6164.86E-10  2655.70E-10  0000.00E+00  0000.00E+00  0000.00E+00  0000.00E+00  0000.00E+00  0000.00E+00  0000.00E+00  0000.00E+00  
700000.E+02  1160.41E-07  0000.00E+00  0000.00E+00  0000.00E+00  0000.00E+00  0000.00E+00  0000.00E+00  0000.00E+00  0000.00E+00  0000.00E+00  0000.00E+00  0000.00E+00  0000.00E+00  0000.00E+00  0000.00E+00  0000.00E+00  0000.00E+00  6403.72E-08  1366.07E-08  3713.80E-08  2701.41E-10  1649.37E-10  3406.85E-10  1224.09E-10  2210.38E-09  0000.00E+00  0000.00E+00  0000.00E+00  0000.00E+00  0000.00E+00  0000.00E+00  0000.00E+00  0000.00E+00  
710000.E+02  1009.15E-07  0000.00E+00  0000.00E+00  0000.00E+00  0000.00E+00  0000.00E+00  0000.00E+00  0000.00E+00  0000.00E+00  0000.00E+00  0000.00E+00  0000.00E+00  0000.00E+00  0000.00E+00  0000.00E+00  0000.00E+00  0000.00E+00  5533.50E-08  1064.78E-08  3618.22E-08  2748.05E-10  9962.28E-11  2744.89E-10  3765.90E-11  1232.88E-11  0000.00E+00  0000.00E+00  0000.00E+00  0000.00E+00  0000.00E+00  0000.00E+00  0000.00E+00  0000.00E+00  
720000.E+02  9858.58E-08  0000.00E+00  0000.00E+00  0000.00E+00  0000.00E+00  0000.00E+00  0000.00E+00  0000.00E+00  0000.00E+00  0000.00E+00  0000.00E+00  0000.00E+00  0000.00E+00  0000.00E+00  0000.00E+00  0000.00E+00  0000.00E+00  5348.79E-08  5178.79E-09  4059.62E-08  6608.07E-10  1572.28E-10  3163.02E-10  2155.87E-11  1536.20E-10  0000.00E+00  0000.00E+00  0000.00E+00  0000.00E+00  0000.00E+00  0000.00E+00  0000.00E+00  0000.00E+00  
730000.E+02  9355.04E-08  0000.00E+00  0000.00E+00  0000.00E+00  0000.00E+00  0000.00E+00  0000.00E+00  0000.00E+00  0000.00E+00  0000.00E+00  0000.00E+00  0000.00E+00  0000.00E+00  0000.00E+00  0000.00E+00  0000.00E+00  0000.00E+00  5522.92E-08  5709.76E-09  3403.95E-08  4629.50E-10  1009.94E-10  7276.18E-11  1545.87E-11  2958.98E-11  0000.00E+00  0000.00E+00  0000.00E+00  0000.00E+00  0000.00E+00  0000.00E+00  0000.00E+00  0000.00E+00  
740000.E+02  1845.33E-07  0000.00E+00  0000.00E+00  0000.00E+00  0000.00E+00  0000.00E+00  0000.00E+00  0000.00E+00  0000.00E+00  0000.00E+00  0000.00E+00  0000.00E+00  0000.00E+00  0000.00E+00  0000.00E+00  0000.00E+00  0000.00E+00  1241.27E-07  1675.24E-08  4470.95E-08  5474.21E-10  3326.53E-10  1643.09E-10  7262.56E-11  5016.37E-11  0000.00E+00  0000.00E+00  0000.00E+00  0000.00E+00  0000.00E+00  0000.00E+00  0000.00E+00  0000.00E+00  
750000.E+02  1257.01E-07  0000.00E+00  0000.00E+00  0000.00E+00  0000.00E+00  0000.00E+00  0000.00E+00  0000.00E+00  0000.00E+00  0000.00E+00  0000.00E+00  0000.00E+00  0000.00E+00  0000.00E+00  0000.00E+00  0000.00E+00  0000.00E+00  4694.70E-08  1169.18E-08  6862.67E-08  3865.90E-10  1080.67E-10  8156.39E-11  3065.11E-11  1501.71E-10  0000.00E+00  0000.00E+00  0000.00E+00  0000.00E+00  0000.00E+00  0000.00E+00  0000.00E+00  0000.00E+00  
760000.E+02  1680.19E-07  0000.00E+00  0000.00E+00  0000.00E+00  0000.00E+00  0000.00E+00  0000.00E+00  0000.00E+00  0000.00E+00  0000.00E+00  0000.00E+00  0000.00E+00  0000.00E+00  0000.00E+00  0000.00E+00  0000.00E+00  0000.00E+00  1040.85E-07  1363.04E-08  5153.90E-08  8232.54E-10  7013.44E-11  1568.61E-10  6948.33E-11  7006.49E-11  0000.00E+00  0000.00E+00  0000.00E+00  0000.00E+00  0000.00E+00  0000.00E+00  0000.00E+00  0000.00E+00  
770000.E+02  1723.95E-07  0000.00E+00  0000.00E+00  0000.00E+00  0000.00E+00  0000.00E+00  0000.00E+00  0000.00E+00  0000.00E+00  0000.00E+00  0000.00E+00  0000.00E+00  0000.00E+00  0000.00E+00  0000.00E+00  0000.00E+00  0000.00E+00  1046.28E-07  1677.36E-08  5257.62E-08  7119.59E-10  5059.05E-11  7675.32E-11  4239.20E-11  9877.18E-11  0000.00E+00  0000.00E+00  0000.00E+00  0000.00E+00  0000.00E+00  0000.00E+00  0000.00E+00  0000.00E+00  
780000.E+02  1959.08E-07  0000.00E+00  0000.00E+00  0000.00E+00  0000.00E+00  0000.00E+00  0000.00E+00  0000.00E+00  0000.00E+00  0000.00E+00  0000.00E+00  0000.00E+00  0000.00E+00  0000.00E+00  0000.00E+00  0000.00E+00  0000.00E+00  1320.89E-07  7642.11E-09  5283.91E-08  4563.61E-09  4976.61E-10  3542.83E-10  4514.77E-10  2194.73E-10  0000.00E+00  0000.00E+00  0000.00E+00  0000.00E+00  0000.00E+00  0000.00E+00  0000.00E+00  0000.00E+00  
790000.E+02  1794.77E-07  0000.00E+00  0000.00E+00  0000.00E+00  0000.00E+00  0000.00E+00  0000.00E+00  0000.00E+00  0000.00E+00  0000.00E+00  0000.00E+00  0000.00E+00  0000.00E+00  0000.00E+00  0000.00E+00  0000.00E+00  0000.00E+00  6920.71E-08  1343.88E-08  9780.77E-08  9507.20E-10  1316.25E-10  3251.89E-10  3611.97E-10  2385.80E-10  0000.00E+00  0000.00E+00  0000.00E+00  0000.00E+00  0000.00E+00  0000.00E+00  0000.00E+00  0000.00E+00  
800000.E+02  2299.59E-07  0000.00E+00  0000.00E+00  0000.00E+00  0000.00E+00  0000.00E+00  0000.00E+00  0000.00E+00  0000.00E+00  0000.00E+00  0000.00E+00  0000.00E+00  0000.00E+00  0000.00E+00  0000.00E+00  0000.00E+00  0000.00E+00  1715.15E-07  9960.71E-09  5002.45E-08  1057.36E-09  4673.41E-10  1162.69E-10  8389.11E-11  9890.35E-11  0000.00E+00  0000.00E+00  0000.00E+00  0000.00E+00  0000.00E+00  0000.00E+00  0000.00E+00  0000.00E+00  
810000.E+02  2236.61E-07  0000.00E+00  0000.00E+00  0000.00E+00  0000.00E+00  0000.00E+00  0000.00E+00  0000.00E+00  0000.00E+00  0000.00E+00  0000.00E+00  0000.00E+00  0000.00E+00  0000.00E+00  0000.00E+00  0000.00E+00  0000.00E+00  0000.00E+00  0000.00E+00  0000.00E+00  0000.00E+00  0000.00E+00  0000.00E+00  0000.00E+00  0000.00E+00  1486.03E-07  1472.79E-08  6024.98E-08  2147.15E-09  4682.29E-10  6480.55E-10  6317.06E-11  2286.20E-10  
820000.E+02  2056.90E-07  0000.00E+00  0000.00E+00  0000.00E+00  0000.00E+00  0000.00E+00  0000.00E+00  0000.00E+00  0000.00E+00  0000.00E+00  0000.00E+00  0000.00E+00  0000.00E+00  0000.00E+00  0000.00E+00  0000.00E+00  0000.00E+00  0000.00E+00  0000.00E+00  0000.00E+00  0000.00E+00  0000.00E+00  0000.00E+00  0000.00E+00  0000.00E+00  1266.00E-07  1738.63E-08  6379.38E-08  1043.13E-09  3941.09E-10  2484.15E-10  8679.47E-11  3004.98E-10  
830000.E+02  2615.76E-07  0000.00E+00  0000.00E+00  0000.00E+00  0000.00E+00  0000.00E+00  0000.00E+00  0000.00E+00  0000.00E+00  0000.00E+00  0000.00E+00  0000.00E+00  0000.00E+00  0000.00E+00  0000.00E+00  0000.00E+00  0000.00E+00  0000.00E+00  0000.00E+00  0000.00E+00  0000.00E+00  0000.00E+00  0000.00E+00  0000.00E+00  0000.00E+00  1417.20E-07  2202.97E-08  1005.52E-07  1423.93E-09  2440.60E-10  5613.10E-10  2786.34E-10  1600.93E-10  
840000.E+02  4530.29E-07  0000.00E+00  0000.00E+00  0000.00E+00  0000.00E+00  0000.00E+00  0000.00E+00  0000.00E+00  0000.00E+00  0000.00E+00  0000.00E+00  0000.00E+00  0000.00E+00  0000.00E+00  0000.00E+00  0000.00E+00  0000.00E+00  0000.00E+00  0000.00E+00  0000.00E+00  0000.00E+00  0000.00E+00  0000.00E+00  0000.00E+00  0000.00E+00  2734.26E-07  4723.19E-08  1323.45E-07  6773.72E-09  4347.04E-10  2840.66E-10  2204.40E-10  4752.25E-10  
850000.E+02  6404.36E-07  0000.00E+00  0000.00E+00  0000.00E+00  0000.00E+00  0000.00E+00  0000.00E+00  0000.00E+00  0000.00E+00  0000.00E+00  0000.00E+00  0000.00E+00  0000.00E+00  0000.00E+00  0000.00E+00  0000.00E+00  0000.00E+00  0000.00E+00  0000.00E+00  0000.00E+00  0000.00E+00  0000.00E+00  0000.00E+00  0000.00E+00  0000.00E+00  3288.36E-07  5457.75E-08  2375.04E-07  2990.66E-09  5635.30E-10  7784.60E-10  3632.90E-10  2731.67E-08  
860000.E+02  7532.52E-07  0000.00E+00  0000.00E+00  0000.00E+00  0000.00E+00  0000.00E+00  0000.00E+00  0000.00E+00  0000.00E+00  0000.00E+00  0000.00E+00  0000.00E+00  0000.00E+00  0000.00E+00  0000.00E+00  0000.00E+00  0000.00E+00  0000.00E+00  0000.00E+00  0000.00E+00  0000.00E+00  0000.00E+00  0000.00E+00  0000.00E+00  0000.00E+00  3220.24E-07  4305.74E-08  3980.41E-07  4301.79E-09  5496.07E-10  9164.62E-10  5648.44E-10  2331.07E-10  
870000.E+02  5353.80E-07  0000.00E+00  0000.00E+00  0000.00E+00  0000.00E+00  0000.00E+00  0000.00E+00  0000.00E+00  0000.00E+00  0000.00E+00  0000.00E+00  0000.00E+00  0000.00E+00  0000.00E+00  0000.00E+00  0000.00E+00  0000.00E+00  0000.00E+00  0000.00E+00  0000.00E+00  0000.00E+00  0000.00E+00  0000.00E+00  0000.00E+00  0000.00E+00  2562.48E-07  4919.04E-08  2375.85E-07  4010.75E-09  4432.39E-10  2367.07E-09  3274.91E-10  3696.01E-10  
880000.E+02  3612.82E-07  0000.00E+00  0000.00E+00  0000.00E+00  0000.00E+00  0000.00E+00  0000.00E+00  0000.00E+00  0000.00E+00  0000.00E+00  0000.00E+00  0000.00E+00  0000.00E+00  0000.00E+00  0000.00E+00  0000.00E+00  0000.00E+00  0000.00E+00  0000.00E+00  0000.00E+00  0000.00E+00  0000.00E+00  0000.00E+00  0000.00E+00  0000.00E+00  1587.73E-07  2788.54E-08  1760.73E-07  6423.22E-09  4912.13E-10  3091.13E-10  2450.94E-10  2407.60E-10  
890000.E+02  1362.07E-07  0000.00E+00  0000.00E+00  0000.00E+00  0000.00E+00  0000.00E+00  0000.00E+00  0000.00E+00  0000.00E+00  0000.00E+00  0000.00E+00  0000.00E+00  0000.00E+00  0000.00E+00  0000.00E+00  0000.00E+00  0000.00E+00  0000.00E+00  0000.00E+00  0000.00E+00  0000.00E+00  0000.00E+00  0000.00E+00  0000.00E+00  0000.00E+00  4474.30E-08  7736.63E-09  8634.84E-08  5583.75E-10  9659.37E-11  5387.62E-11  9437.99E-11  5949.93E-11  
900000.E+02  2486.01E-08  0000.00E+00  0000.00E+00  0000.00E+00  0000.00E+00  0000.00E+00  0000.00E+00  0000.00E+00  0000.00E+00  0000.00E+00  0000.00E+00  0000.00E+00  0000.00E+00  0000.00E+00  0000.00E+00  0000.00E+00  0000.00E+00  0000.00E+00  0000.00E+00  0000.00E+00  0000.00E+00  0000.00E+00  0000.00E+00  0000.00E+00  0000.00E+00  1129.08E-08  1400.56E-09  1282.43E-08  1192.97E-10  2161.34E-11  2269.08E-11  7910.90E-12  4168.30E-12  
910000.E+02  3791.65E-09  0000.00E+00  0000.00E+00  0000.00E+00  0000.00E+00  0000.00E+00  0000.00E+00  0000.00E+00  0000.00E+00  0000.00E+00  0000.00E+00  0000.00E+00  0000.00E+00  0000.00E+00  0000.00E+00  0000.00E+00  0000.00E+00  0000.00E+00  0000.00E+00  0000.00E+00  0000.00E+00  0000.00E+00  0000.00E+00  0000.00E+00  0000.00E+00  1716.91E-09  3094.56E-10  1862.33E-09  1344.13E-11  0000.00E+00  0000.00E+00  0000.00E+00  9509.23E-12  
920000.E+02  1256.96E-10  0000.00E+00  0000.00E+00  0000.00E+00  0000.00E+00  0000.00E+00  0000.00E+00  0000.00E+00  0000.00E+00  0000.00E+00  0000.00E+00  0000.00E+00  0000.00E+00  0000.00E+00  0000.00E+00  0000.00E+00  0000.00E+00  0000.00E+00  0000.00E+00  0000.00E+00  0000.00E+00  0000.00E+00  0000.00E+00  0000.00E+00  0000.00E+00  7081.89E-11  6742.57E-12  3770.84E-11  1612.65E-11  0000.00E+00  0000.00E+00  0000.00E+00  0000.00E+00  
930000.E+02  0000.00E+00  0000.00E+00  0000.00E+00  0000.00E+00  0000.00E+00  0000.00E+00  0000.00E+00  0000.00E+00  0000.00E+00  0000.00E+00  0000.00E+00  0000.00E+00  0000.00E+00  0000.00E+00  0000.00E+00  0000.00E+00  0000.00E+00  0000.00E+00  0000.00E+00  0000.00E+00  0000.00E+00  0000.00E+00  0000.00E+00  0000.00E+00  0000.00E+00  0000.00E+00  0000.00E+00  0000.00E+00  0000.00E+00  0000.00E+00  0000.00E+00  0000.00E+00  0000.00E+00  
940000.E+02  0000.00E+00  0000.00E+00  0000.00E+00  0000.00E+00  0000.00E+00  0000.00E+00  0000.00E+00  0000.00E+00  0000.00E+00  0000.00E+00  0000.00E+00  0000.00E+00  0000.00E+00  0000.00E+00  0000.00E+00  0000.00E+00  0000.00E+00  0000.00E+00  0000.00E+00  0000.00E+00  0000.00E+00  0000.00E+00  0000.00E+00  0000.00E+00  0000.00E+00  0000.00E+00  0000.00E+00  0000.00E+00  0000.00E+00  0000.00E+00  0000.00E+00  0000.00E+00  0000.00E+00  
950000.E+02  0000.00E+00  0000.00E+00  0000.00E+00  0000.00E+00  0000.00E+00  0000.00E+00  0000.00E+00  0000.00E+00  0000.00E+00  0000.00E+00  0000.00E+00  0000.00E+00  0000.00E+00  0000.00E+00  0000.00E+00  0000.00E+00  0000.00E+00  0000.00E+00  0000.00E+00  0000.00E+00  0000.00E+00  0000.00E+00  0000.00E+00  0000.00E+00  0000.00E+00  0000.00E+00  0000.00E+00  0000.00E+00  0000.00E+00  0000.00E+00  0000.00E+00  0000.00E+00  0000.00E+00  
960000.E+02  0000.00E+00  0000.00E+00  0000.00E+00  0000.00E+00  0000.00E+00  0000.00E+00  0000.00E+00  0000.00E+00  0000.00E+00  0000.00E+00  0000.00E+00  0000.00E+00  0000.00E+00  0000.00E+00  0000.00E+00  0000.00E+00  0000.00E+00  0000.00E+00  0000.00E+00  0000.00E+00  0000.00E+00  0000.00E+00  0000.00E+00  0000.00E+00  0000.00E+00  0000.00E+00  0000.00E+00  0000.00E+00  0000.00E+00  0000.00E+00  0000.00E+00  0000.00E+00  0000.00E+00  
970000.E+02  0000.00E+00  0000.00E+00  0000.00E+00  0000.00E+00  0000.00E+00  0000.00E+00  0000.00E+00  0000.00E+00  0000.00E+00  0000.00E+00  0000.00E+00  0000.00E+00  0000.00E+00  0000.00E+00  0000.00E+00  0000.00E+00  0000.00E+00  0000.00E+00  0000.00E+00  0000.00E+00  0000.00E+00  0000.00E+00  0000.00E+00  0000.00E+00  0000.00E+00  0000.00E+00  0000.00E+00  0000.00E+00  0000.00E+00  0000.00E+00  0000.00E+00  0000.00E+00  0000.00E+00  
980000.E+02  0000.00E+00  0000.00E+00  0000.00E+00  0000.00E+00  0000.00E+00  0000.00E+00  0000.00E+00  0000.00E+00  0000.00E+00  0000.00E+00  0000.00E+00  0000.00E+00  0000.00E+00  0000.00E+00  0000.00E+00  0000.00E+00  0000.00E+00  0000.00E+00  0000.00E+00  0000.00E+00  0000.00E+00  0000.00E+00  0000.00E+00  0000.00E+00  0000.00E+00  0000.00E+00  0000.00E+00  0000.00E+00  0000.00E+00  0000.00E+00  0000.00E+00  0000.00E+00  0000.00E+00  
990000.E+02  0000.00E+00  0000.00E+00  0000.00E+00  0000.00E+00  0000.00E+00  0000.00E+00  0000.00E+00  0000.00E+00  0000.00E+00  0000.00E+00  0000.00E+00  0000.00E+00  0000.00E+00  0000.00E+00  0000.00E+00  0000.00E+00  0000.00E+00  0000.00E+00  0000.00E+00  0000.00E+00  0000.00E+00  0000.00E+00  0000.00E+00  0000.00E+00  0000.00E+00  0000.00E+00  0000.00E+00  0000.00E+00  0000.00E+00  0000.00E+00  0000.00E+00  0000.00E+00  0000.00E+00  
100000.E+03  0000.00E+00  0000.00E+00  0000.00E+00  0000.00E+00  0000.00E+00  0000.00E+00  0000.00E+00  0000.00E+00  0000.00E+00  0000.00E+00  0000.00E+00  0000.00E+00  0000.00E+00  0000.00E+00  0000.00E+00  0000.00E+00  0000.00E+00  0000.00E+00  0000.00E+00  0000.00E+00  0000.00E+00  0000.00E+00  0000.00E+00  0000.00E+00  0000.00E+00  0000.00E+00  0000.00E+00  0000.00E+00  0000.00E+00  0000.00E+00  0000.00E+00  0000.00E+00  0000.00E+00  
