====== 37 MeV H into skin/skull/brain/tumour =======
        SRIM-2013.00
=======================================
    Energy transferred to RECOILS      
 See SRIM Outputs\TDATA.txt for calc. details 
=======================================
 See file: SRIM Outputs\TDATA.txt for data about the calculation
 Ion    =  H   Energy = 37000 keV
============= TARGET MATERIAL ======================================
Layer  1 : Skin_Human (W&W type 1)
Layer Width = 10000.E+03 AAA ;
  Layer # 1- Density = 10.56E22 atoms/cm3 = 1.09 g/cm3
  Layer # 1-  H = 61.7 Atomic Percent = 10.0 Mass Percent
  Layer # 1-  C = 12.9 Atomic Percent = 25.0 Mass Percent
  Layer # 1-  N = 2.04 Atomic Percent = 4.60 Mass Percent
  Layer # 1-  O = 23.1 Atomic Percent = 59.4 Mass Percent
  Layer # 1-  S = 5.82 Atomic Percent = .300 Mass Percent
  Layer # 1- Cl = .052 Atomic Percent = .300 Mass Percent
  Layer # 1- Na = .054 Atomic Percent = .200 Mass Percent
  Layer # 1-  K = 1.59 Atomic Percent = .100 Mass Percent
Layer  2 : Cortical Bone  Adult (W&W)
Layer Width = 40000.E+03 AAA ;
  Layer # 2- Density = 9.946E22 atoms/cm3 = 1.92 g/cm3
  Layer # 2- Ca = 6.53 Atomic Percent = 22.5 Mass Percent
  Layer # 2-  P = 3.86 Atomic Percent = 10.3 Mass Percent
  Layer # 2-  H = 39.2 Atomic Percent = 3.40 Mass Percent
  Layer # 2-  C = 15.0 Atomic Percent = 15.5 Mass Percent
  Layer # 2-  N = 3.48 Atomic Percent = 4.20 Mass Percent
  Layer # 2-  O = 31.6 Atomic Percent = 43.5 Mass Percent
  Layer # 2-  S = .108 Atomic Percent = .300 Mass Percent
  Layer # 2- Mg = 9.57 Atomic Percent = .200 Mass Percent
Layer  3 : Brain (ICRP)
Layer Width = 30000.E+03 AAA ;
  Layer # 3- Density = 10.41E22 atoms/cm3 = 1.03 g/cm3
  Layer # 3-  O = 27.5 Atomic Percent = 73.9 Mass Percent
  Layer # 3-  C = 6.23 Atomic Percent = 12.5 Mass Percent
  Layer # 3-  H = 65.4 Atomic Percent = 11.0 Mass Percent
  Layer # 3-  N = .565 Atomic Percent = 1.33 Mass Percent
  Layer # 3-  P = 6.72 Atomic Percent = .350 Mass Percent
  Layer # 3-  K = 4.71 Atomic Percent = .309 Mass Percent
  Layer # 3- Cl = 4.02 Atomic Percent = .240 Mass Percent
  Layer # 3- Na = 4.65 Atomic Percent = .179 Mass Percent
Layer  4 : Brain Tumour (ICRP brain comp.)
Layer Width = 20000.E+03 AAA ;
  Layer # 4- Density = 10.62E22 atoms/cm3 = 1.05 g/cm3
  Layer # 4-  O = 27.5 Atomic Percent = 73.9 Mass Percent
  Layer # 4-  C = 6.23 Atomic Percent = 12.5 Mass Percent
  Layer # 4-  H = 65.4 Atomic Percent = 11.0 Mass Percent
  Layer # 4-  N = .565 Atomic Percent = 1.33 Mass Percent
  Layer # 4-  P = 6.72 Atomic Percent = .350 Mass Percent
  Layer # 4-  K = 4.71 Atomic Percent = .309 Mass Percent
  Layer # 4- Cl = 4.02 Atomic Percent = .240 Mass Percent
  Layer # 4- Na = 4.65 Atomic Percent = .179 Mass Percent
====================================================================
 Total Ions calculated =10000.00
===========================================================
  Table Energy Units are  >>>>  eV /(Angstrom-Ion)  <<<<  
===========================================================
   DEPTH       ENERGY      Energy       Energy       Energy       Energy       Energy       Energy       Energy       Energy       Energy       Energy       Energy       Energy       Energy       Energy       Energy       Energy       Energy       Energy       Energy       Energy       Energy       Energy       Energy       Energy       Energy       Energy       Energy       Energy       Energy       Energy       Energy       Energy       
   DEPTH        from       Absorbed     Absorbed     Absorbed     Absorbed     Absorbed     Absorbed     Absorbed     Absorbed     Absorbed     Absorbed     Absorbed     Absorbed     Absorbed     Absorbed     Absorbed     Absorbed     Absorbed     Absorbed     Absorbed     Absorbed     Absorbed     Absorbed     Absorbed     Absorbed     Absorbed     Absorbed     Absorbed     Absorbed     Absorbed     Absorbed     Absorbed     Absorbed     
   (Ang.)       IONS       by   H       by   C       by   N       by   O       by   S       by  Cl       by  Na       by   K       by  Ca       by   P       by   H       by   C       by   N       by   O       by   S       by  Mg       by   O       by   C       by   H       by   N       by   P       by   K       by  Cl       by  Na       by   O       by   C       by   H       by   N       by   P       by   K       by  Cl       by  Na       
----------   ------------  -----------  -----------  -----------  -----------  -----------  -----------  -----------  -----------  -----------  -----------  -----------  -----------  -----------  -----------  -----------  -----------  -----------  -----------  -----------  -----------  -----------  -----------  -----------  -----------  -----------  -----------  -----------  -----------  -----------  -----------  -----------  -----------  
100000.E+01  3134.62E-08  9481.80E-09  3421.86E-09  9139.88E-10  1803.16E-08  1842.68E-11  3104.86E-11  9081.93E-12  0000.00E+00  0000.00E+00  0000.00E+00  0000.00E+00  0000.00E+00  0000.00E+00  0000.00E+00  0000.00E+00  0000.00E+00  0000.00E+00  0000.00E+00  0000.00E+00  0000.00E+00  0000.00E+00  0000.00E+00  0000.00E+00  0000.00E+00  0000.00E+00  0000.00E+00  0000.00E+00  0000.00E+00  0000.00E+00  0000.00E+00  0000.00E+00  0000.00E+00  
200000.E+01  6398.45E-08  1963.48E-08  5600.21E-09  9189.86E-10  3841.24E-08  6349.58E-12  9051.16E-12  2777.05E-11  2840.96E-12  0000.00E+00  0000.00E+00  0000.00E+00  0000.00E+00  0000.00E+00  0000.00E+00  0000.00E+00  0000.00E+00  0000.00E+00  0000.00E+00  0000.00E+00  0000.00E+00  0000.00E+00  0000.00E+00  0000.00E+00  0000.00E+00  0000.00E+00  0000.00E+00  0000.00E+00  0000.00E+00  0000.00E+00  0000.00E+00  0000.00E+00  0000.00E+00  
300000.E+01  3617.35E-08  1260.66E-08  5713.77E-09  5906.32E-10  1051.55E-08  7300.16E-09  3513.87E-11  1033.87E-11  1007.21E-11  0000.00E+00  0000.00E+00  0000.00E+00  0000.00E+00  0000.00E+00  0000.00E+00  0000.00E+00  0000.00E+00  0000.00E+00  0000.00E+00  0000.00E+00  0000.00E+00  0000.00E+00  0000.00E+00  0000.00E+00  0000.00E+00  0000.00E+00  0000.00E+00  0000.00E+00  0000.00E+00  0000.00E+00  0000.00E+00  0000.00E+00  0000.00E+00  
400000.E+01  4513.81E-08  1215.41E-08  5082.85E-09  6526.33E-10  2781.98E-08  3215.31E-11  1803.55E-11  7312.61E-12  2096.66E-12  0000.00E+00  0000.00E+00  0000.00E+00  0000.00E+00  0000.00E+00  0000.00E+00  0000.00E+00  0000.00E+00  0000.00E+00  0000.00E+00  0000.00E+00  0000.00E+00  0000.00E+00  0000.00E+00  0000.00E+00  0000.00E+00  0000.00E+00  0000.00E+00  0000.00E+00  0000.00E+00  0000.00E+00  0000.00E+00  0000.00E+00  0000.00E+00  
500000.E+01  4086.47E-08  8330.61E-09  4221.03E-09  1187.81E-09  2760.19E-08  2201.88E-11  6435.83E-11  6266.17E-11  7588.35E-13  0000.00E+00  0000.00E+00  0000.00E+00  0000.00E+00  0000.00E+00  0000.00E+00  0000.00E+00  0000.00E+00  0000.00E+00  0000.00E+00  0000.00E+00  0000.00E+00  0000.00E+00  0000.00E+00  0000.00E+00  0000.00E+00  0000.00E+00  0000.00E+00  0000.00E+00  0000.00E+00  0000.00E+00  0000.00E+00  0000.00E+00  0000.00E+00  
600000.E+01  4127.94E-08  1511.32E-08  9588.61E-09  8807.49E-10  1625.42E-08  4224.46E-11  3819.75E-11  2594.21E-12  8537.72E-12  0000.00E+00  0000.00E+00  0000.00E+00  0000.00E+00  0000.00E+00  0000.00E+00  0000.00E+00  0000.00E+00  0000.00E+00  0000.00E+00  0000.00E+00  0000.00E+00  0000.00E+00  0000.00E+00  0000.00E+00  0000.00E+00  0000.00E+00  0000.00E+00  0000.00E+00  0000.00E+00  0000.00E+00  0000.00E+00  0000.00E+00  0000.00E+00  
700000.E+01  2556.62E-08  9958.16E-09  4776.04E-09  1600.94E-09  9810.31E-09  1681.58E-11  8572.88E-12  2054.95E-11  1174.52E-11  0000.00E+00  0000.00E+00  0000.00E+00  0000.00E+00  0000.00E+00  0000.00E+00  0000.00E+00  0000.00E+00  0000.00E+00  0000.00E+00  0000.00E+00  0000.00E+00  0000.00E+00  0000.00E+00  0000.00E+00  0000.00E+00  0000.00E+00  0000.00E+00  0000.00E+00  0000.00E+00  0000.00E+00  0000.00E+00  0000.00E+00  0000.00E+00  
800000.E+01  5431.36E-08  1842.26E-08  8323.84E-09  1527.27E-09  2652.27E-08  2150.46E-11  1369.24E-10  2352.65E-11  1253.65E-12  0000.00E+00  0000.00E+00  0000.00E+00  0000.00E+00  0000.00E+00  0000.00E+00  0000.00E+00  0000.00E+00  0000.00E+00  0000.00E+00  0000.00E+00  0000.00E+00  0000.00E+00  0000.00E+00  0000.00E+00  0000.00E+00  0000.00E+00  0000.00E+00  0000.00E+00  0000.00E+00  0000.00E+00  0000.00E+00  0000.00E+00  0000.00E+00  
900000.E+01  1989.81E-07  6971.77E-09  1798.60E-07  9597.34E-10  1178.72E-08  1254.67E-11  8317.40E-12  3443.01E-11  1344.00E-12  0000.00E+00  0000.00E+00  0000.00E+00  0000.00E+00  0000.00E+00  0000.00E+00  0000.00E+00  0000.00E+00  0000.00E+00  0000.00E+00  0000.00E+00  0000.00E+00  0000.00E+00  0000.00E+00  0000.00E+00  0000.00E+00  0000.00E+00  0000.00E+00  0000.00E+00  0000.00E+00  0000.00E+00  0000.00E+00  0000.00E+00  0000.00E+00  
100000.E+02  3012.57E-07  1397.73E-08  1022.50E-07  4072.15E-10  1852.27E-07  3970.31E-11  1063.92E-11  1073.36E-11  5857.94E-11  0000.00E+00  0000.00E+00  0000.00E+00  0000.00E+00  0000.00E+00  0000.00E+00  0000.00E+00  0000.00E+00  0000.00E+00  0000.00E+00  0000.00E+00  0000.00E+00  0000.00E+00  0000.00E+00  0000.00E+00  0000.00E+00  0000.00E+00  0000.00E+00  0000.00E+00  0000.00E+00  0000.00E+00  0000.00E+00  0000.00E+00  0000.00E+00  
110000.E+02  7947.12E-08  0000.00E+00  0000.00E+00  0000.00E+00  0000.00E+00  0000.00E+00  0000.00E+00  0000.00E+00  0000.00E+00  1371.65E-08  3450.09E-08  7260.08E-09  4285.06E-09  1585.84E-09  1879.49E-08  5382.43E-12  1706.52E-11  0000.00E+00  0000.00E+00  0000.00E+00  0000.00E+00  0000.00E+00  0000.00E+00  0000.00E+00  0000.00E+00  0000.00E+00  0000.00E+00  0000.00E+00  0000.00E+00  0000.00E+00  0000.00E+00  0000.00E+00  0000.00E+00  
120000.E+02  4575.93E-08  0000.00E+00  0000.00E+00  0000.00E+00  0000.00E+00  0000.00E+00  0000.00E+00  0000.00E+00  0000.00E+00  6937.79E-09  5047.26E-09  5737.87E-09  9627.44E-09  1385.27E-09  1768.88E-08  6204.25E-11  9088.30E-11  0000.00E+00  0000.00E+00  0000.00E+00  0000.00E+00  0000.00E+00  0000.00E+00  0000.00E+00  0000.00E+00  0000.00E+00  0000.00E+00  0000.00E+00  0000.00E+00  0000.00E+00  0000.00E+00  0000.00E+00  0000.00E+00  
130000.E+02  5941.58E-08  0000.00E+00  0000.00E+00  0000.00E+00  0000.00E+00  0000.00E+00  0000.00E+00  0000.00E+00  0000.00E+00  8426.10E-09  1166.31E-08  7403.04E-09  7006.21E-09  2098.14E-09  2330.40E-08  3345.11E-11  3013.60E-10  0000.00E+00  0000.00E+00  0000.00E+00  0000.00E+00  0000.00E+00  0000.00E+00  0000.00E+00  0000.00E+00  0000.00E+00  0000.00E+00  0000.00E+00  0000.00E+00  0000.00E+00  0000.00E+00  0000.00E+00  0000.00E+00  
140000.E+02  5793.90E-08  0000.00E+00  0000.00E+00  0000.00E+00  0000.00E+00  0000.00E+00  0000.00E+00  0000.00E+00  0000.00E+00  1114.25E-08  2289.20E-09  4663.37E-09  7964.08E-09  1748.83E-09  3069.74E-08  1072.79E-10  1453.21E-10  0000.00E+00  0000.00E+00  0000.00E+00  0000.00E+00  0000.00E+00  0000.00E+00  0000.00E+00  0000.00E+00  0000.00E+00  0000.00E+00  0000.00E+00  0000.00E+00  0000.00E+00  0000.00E+00  0000.00E+00  0000.00E+00  
150000.E+02  6538.20E-08  0000.00E+00  0000.00E+00  0000.00E+00  0000.00E+00  0000.00E+00  0000.00E+00  0000.00E+00  0000.00E+00  8738.35E-09  2619.38E-09  4765.29E-09  3514.13E-09  3504.42E-09  4288.60E-08  1248.10E-10  6038.05E-11  0000.00E+00  0000.00E+00  0000.00E+00  0000.00E+00  0000.00E+00  0000.00E+00  0000.00E+00  0000.00E+00  0000.00E+00  0000.00E+00  0000.00E+00  0000.00E+00  0000.00E+00  0000.00E+00  0000.00E+00  0000.00E+00  
160000.E+02  5940.75E-08  0000.00E+00  0000.00E+00  0000.00E+00  0000.00E+00  0000.00E+00  0000.00E+00  0000.00E+00  0000.00E+00  1381.51E-08  4201.60E-09  1149.22E-08  4128.74E-09  2404.22E-09  2402.23E-08  1548.12E-10  1769.09E-11  0000.00E+00  0000.00E+00  0000.00E+00  0000.00E+00  0000.00E+00  0000.00E+00  0000.00E+00  0000.00E+00  0000.00E+00  0000.00E+00  0000.00E+00  0000.00E+00  0000.00E+00  0000.00E+00  0000.00E+00  0000.00E+00  
170000.E+02  4505.21E-08  0000.00E+00  0000.00E+00  0000.00E+00  0000.00E+00  0000.00E+00  0000.00E+00  0000.00E+00  0000.00E+00  7693.81E-09  2912.50E-09  5244.10E-09  1048.91E-08  9978.14E-10  1850.90E-08  3647.49E-11  7806.43E-12  0000.00E+00  0000.00E+00  0000.00E+00  0000.00E+00  0000.00E+00  0000.00E+00  0000.00E+00  0000.00E+00  0000.00E+00  0000.00E+00  0000.00E+00  0000.00E+00  0000.00E+00  0000.00E+00  0000.00E+00  0000.00E+00  
180000.E+02  5430.21E-08  0000.00E+00  0000.00E+00  0000.00E+00  0000.00E+00  0000.00E+00  0000.00E+00  0000.00E+00  0000.00E+00  1003.65E-08  3432.52E-09  9705.58E-09  6099.99E-09  1717.98E-09  2367.97E-08  7917.20E-11  3777.70E-10  0000.00E+00  0000.00E+00  0000.00E+00  0000.00E+00  0000.00E+00  0000.00E+00  0000.00E+00  0000.00E+00  0000.00E+00  0000.00E+00  0000.00E+00  0000.00E+00  0000.00E+00  0000.00E+00  0000.00E+00  0000.00E+00  
190000.E+02  4861.87E-08  0000.00E+00  0000.00E+00  0000.00E+00  0000.00E+00  0000.00E+00  0000.00E+00  0000.00E+00  0000.00E+00  8553.94E-09  5650.03E-09  7523.41E-09  6966.44E-09  1524.86E-09  1919.46E-08  3164.57E-11  1195.32E-11  0000.00E+00  0000.00E+00  0000.00E+00  0000.00E+00  0000.00E+00  0000.00E+00  0000.00E+00  0000.00E+00  0000.00E+00  0000.00E+00  0000.00E+00  0000.00E+00  0000.00E+00  0000.00E+00  0000.00E+00  0000.00E+00  
200000.E+02  6499.70E-08  0000.00E+00  0000.00E+00  0000.00E+00  0000.00E+00  0000.00E+00  0000.00E+00  0000.00E+00  0000.00E+00  9558.85E-09  9154.33E-09  6351.49E-09  5079.80E-09  1231.08E-09  3425.79E-08  1556.54E-10  4968.46E-11  0000.00E+00  0000.00E+00  0000.00E+00  0000.00E+00  0000.00E+00  0000.00E+00  0000.00E+00  0000.00E+00  0000.00E+00  0000.00E+00  0000.00E+00  0000.00E+00  0000.00E+00  0000.00E+00  0000.00E+00  0000.00E+00  
210000.E+02  5002.66E-08  0000.00E+00  0000.00E+00  0000.00E+00  0000.00E+00  0000.00E+00  0000.00E+00  0000.00E+00  0000.00E+00  8400.11E-09  4553.49E-09  1485.15E-08  4860.92E-09  1477.05E-09  1603.28E-08  8108.09E-11  6336.40E-10  0000.00E+00  0000.00E+00  0000.00E+00  0000.00E+00  0000.00E+00  0000.00E+00  0000.00E+00  0000.00E+00  0000.00E+00  0000.00E+00  0000.00E+00  0000.00E+00  0000.00E+00  0000.00E+00  0000.00E+00  0000.00E+00  
220000.E+02  6278.58E-08  0000.00E+00  0000.00E+00  0000.00E+00  0000.00E+00  0000.00E+00  0000.00E+00  0000.00E+00  0000.00E+00  2232.79E-08  4114.73E-09  9628.36E-09  6679.87E-09  6446.81E-09  1439.36E-08  2253.86E-11  5321.62E-11  0000.00E+00  0000.00E+00  0000.00E+00  0000.00E+00  0000.00E+00  0000.00E+00  0000.00E+00  0000.00E+00  0000.00E+00  0000.00E+00  0000.00E+00  0000.00E+00  0000.00E+00  0000.00E+00  0000.00E+00  0000.00E+00  
230000.E+02  2681.08E-07  0000.00E+00  0000.00E+00  0000.00E+00  0000.00E+00  0000.00E+00  0000.00E+00  0000.00E+00  0000.00E+00  7028.82E-08  7386.79E-08  8472.64E-09  8083.41E-09  1167.93E-09  1069.36E-07  1687.65E-10  2802.20E-11  0000.00E+00  0000.00E+00  0000.00E+00  0000.00E+00  0000.00E+00  0000.00E+00  0000.00E+00  0000.00E+00  0000.00E+00  0000.00E+00  0000.00E+00  0000.00E+00  0000.00E+00  0000.00E+00  0000.00E+00  0000.00E+00  
240000.E+02  2717.79E-07  0000.00E+00  0000.00E+00  0000.00E+00  0000.00E+00  0000.00E+00  0000.00E+00  0000.00E+00  0000.00E+00  1718.06E-08  2750.16E-08  7601.22E-09  1085.98E-08  5441.11E-09  2040.35E-07  5798.51E-11  1219.40E-11  0000.00E+00  0000.00E+00  0000.00E+00  0000.00E+00  0000.00E+00  0000.00E+00  0000.00E+00  0000.00E+00  0000.00E+00  0000.00E+00  0000.00E+00  0000.00E+00  0000.00E+00  0000.00E+00  0000.00E+00  0000.00E+00  
250000.E+02  5849.88E-08  0000.00E+00  0000.00E+00  0000.00E+00  0000.00E+00  0000.00E+00  0000.00E+00  0000.00E+00  0000.00E+00  1551.06E-08  5133.78E-09  5516.83E-09  6282.57E-09  4011.49E-09  2189.82E-08  4392.51E-11  9924.27E-10  0000.00E+00  0000.00E+00  0000.00E+00  0000.00E+00  0000.00E+00  0000.00E+00  0000.00E+00  0000.00E+00  0000.00E+00  0000.00E+00  0000.00E+00  0000.00E+00  0000.00E+00  0000.00E+00  0000.00E+00  0000.00E+00  
260000.E+02  6360.17E-08  0000.00E+00  0000.00E+00  0000.00E+00  0000.00E+00  0000.00E+00  0000.00E+00  0000.00E+00  0000.00E+00  1648.25E-08  5629.58E-09  6777.21E-09  4923.13E-09  1679.65E-09  2892.61E-08  5445.50E-11  3353.93E-11  0000.00E+00  0000.00E+00  0000.00E+00  0000.00E+00  0000.00E+00  0000.00E+00  0000.00E+00  0000.00E+00  0000.00E+00  0000.00E+00  0000.00E+00  0000.00E+00  0000.00E+00  0000.00E+00  0000.00E+00  0000.00E+00  
270000.E+02  5705.83E-08  0000.00E+00  0000.00E+00  0000.00E+00  0000.00E+00  0000.00E+00  0000.00E+00  0000.00E+00  0000.00E+00  1322.15E-08  2940.70E-09  8827.83E-09  8298.63E-09  2047.95E-09  2251.09E-08  1079.76E-10  1202.46E-11  0000.00E+00  0000.00E+00  0000.00E+00  0000.00E+00  0000.00E+00  0000.00E+00  0000.00E+00  0000.00E+00  0000.00E+00  0000.00E+00  0000.00E+00  0000.00E+00  0000.00E+00  0000.00E+00  0000.00E+00  0000.00E+00  
280000.E+02  5098.06E-08  0000.00E+00  0000.00E+00  0000.00E+00  0000.00E+00  0000.00E+00  0000.00E+00  0000.00E+00  0000.00E+00  1103.95E-08  5560.57E-09  8165.50E-09  4968.67E-09  1403.29E-09  2069.82E-08  6184.35E-11  4508.12E-12  0000.00E+00  0000.00E+00  0000.00E+00  0000.00E+00  0000.00E+00  0000.00E+00  0000.00E+00  0000.00E+00  0000.00E+00  0000.00E+00  0000.00E+00  0000.00E+00  0000.00E+00  0000.00E+00  0000.00E+00  0000.00E+00  
290000.E+02  1677.75E-07  0000.00E+00  0000.00E+00  0000.00E+00  0000.00E+00  0000.00E+00  0000.00E+00  0000.00E+00  0000.00E+00  9989.50E-09  9147.26E-09  1233.36E-08  7395.20E-09  1225.57E-08  6679.03E-08  7832.98E-11  5073.26E-08  0000.00E+00  0000.00E+00  0000.00E+00  0000.00E+00  0000.00E+00  0000.00E+00  0000.00E+00  0000.00E+00  0000.00E+00  0000.00E+00  0000.00E+00  0000.00E+00  0000.00E+00  0000.00E+00  0000.00E+00  0000.00E+00  
300000.E+02  1587.18E-07  0000.00E+00  0000.00E+00  0000.00E+00  0000.00E+00  0000.00E+00  0000.00E+00  0000.00E+00  0000.00E+00  1222.23E-08  6193.05E-09  1653.24E-08  5960.44E-09  2704.49E-09  1160.43E-07  3155.17E-11  1252.37E-11  0000.00E+00  0000.00E+00  0000.00E+00  0000.00E+00  0000.00E+00  0000.00E+00  0000.00E+00  0000.00E+00  0000.00E+00  0000.00E+00  0000.00E+00  0000.00E+00  0000.00E+00  0000.00E+00  0000.00E+00  0000.00E+00  
310000.E+02  6430.12E-08  0000.00E+00  0000.00E+00  0000.00E+00  0000.00E+00  0000.00E+00  0000.00E+00  0000.00E+00  0000.00E+00  9889.64E-09  3434.76E-09  7687.87E-09  1187.64E-08  1355.91E-09  3098.67E-08  1961.27E-11  1899.25E-11  0000.00E+00  0000.00E+00  0000.00E+00  0000.00E+00  0000.00E+00  0000.00E+00  0000.00E+00  0000.00E+00  0000.00E+00  0000.00E+00  0000.00E+00  0000.00E+00  0000.00E+00  0000.00E+00  0000.00E+00  0000.00E+00  
320000.E+02  7268.98E-08  0000.00E+00  0000.00E+00  0000.00E+00  0000.00E+00  0000.00E+00  0000.00E+00  0000.00E+00  0000.00E+00  1538.42E-08  3816.77E-09  6418.10E-09  6071.86E-09  1412.25E-09  4053.55E-08  2752.84E-11  1451.96E-11  0000.00E+00  0000.00E+00  0000.00E+00  0000.00E+00  0000.00E+00  0000.00E+00  0000.00E+00  0000.00E+00  0000.00E+00  0000.00E+00  0000.00E+00  0000.00E+00  0000.00E+00  0000.00E+00  0000.00E+00  0000.00E+00  
330000.E+02  6444.79E-08  0000.00E+00  0000.00E+00  0000.00E+00  0000.00E+00  0000.00E+00  0000.00E+00  0000.00E+00  0000.00E+00  1573.06E-08  2952.33E-09  6803.11E-09  9376.74E-09  7991.12E-09  2224.92E-08  1355.57E-10  1764.69E-10  0000.00E+00  0000.00E+00  0000.00E+00  0000.00E+00  0000.00E+00  0000.00E+00  0000.00E+00  0000.00E+00  0000.00E+00  0000.00E+00  0000.00E+00  0000.00E+00  0000.00E+00  0000.00E+00  0000.00E+00  0000.00E+00  
340000.E+02  9609.47E-08  0000.00E+00  0000.00E+00  0000.00E+00  0000.00E+00  0000.00E+00  0000.00E+00  0000.00E+00  0000.00E+00  1181.48E-08  1518.87E-08  1645.85E-08  1094.08E-08  2104.08E-09  4046.38E-08  5631.97E-11  7352.84E-11  0000.00E+00  0000.00E+00  0000.00E+00  0000.00E+00  0000.00E+00  0000.00E+00  0000.00E+00  0000.00E+00  0000.00E+00  0000.00E+00  0000.00E+00  0000.00E+00  0000.00E+00  0000.00E+00  0000.00E+00  0000.00E+00  
350000.E+02  1126.07E-07  0000.00E+00  0000.00E+00  0000.00E+00  0000.00E+00  0000.00E+00  0000.00E+00  0000.00E+00  0000.00E+00  2198.73E-08  6194.65E-09  1392.39E-08  9203.25E-09  1937.39E-09  6005.92E-08  2774.05E-10  2658.86E-11  0000.00E+00  0000.00E+00  0000.00E+00  0000.00E+00  0000.00E+00  0000.00E+00  0000.00E+00  0000.00E+00  0000.00E+00  0000.00E+00  0000.00E+00  0000.00E+00  0000.00E+00  0000.00E+00  0000.00E+00  0000.00E+00  
360000.E+02  7305.38E-08  0000.00E+00  0000.00E+00  0000.00E+00  0000.00E+00  0000.00E+00  0000.00E+00  0000.00E+00  0000.00E+00  1364.38E-08  4874.60E-09  2000.59E-08  9449.66E-09  1840.04E-09  2426.44E-08  2125.44E-11  9249.27E-12  0000.00E+00  0000.00E+00  0000.00E+00  0000.00E+00  0000.00E+00  0000.00E+00  0000.00E+00  0000.00E+00  0000.00E+00  0000.00E+00  0000.00E+00  0000.00E+00  0000.00E+00  0000.00E+00  0000.00E+00  0000.00E+00  
370000.E+02  9007.87E-08  0000.00E+00  0000.00E+00  0000.00E+00  0000.00E+00  0000.00E+00  0000.00E+00  0000.00E+00  0000.00E+00  1154.84E-08  6444.41E-09  1557.63E-08  5292.92E-09  4128.48E-09  4801.37E-08  5939.89E-11  3177.73E-11  0000.00E+00  0000.00E+00  0000.00E+00  0000.00E+00  0000.00E+00  0000.00E+00  0000.00E+00  0000.00E+00  0000.00E+00  0000.00E+00  0000.00E+00  0000.00E+00  0000.00E+00  0000.00E+00  0000.00E+00  0000.00E+00  
380000.E+02  6485.68E-08  0000.00E+00  0000.00E+00  0000.00E+00  0000.00E+00  0000.00E+00  0000.00E+00  0000.00E+00  0000.00E+00  9296.55E-09  4599.12E-09  1089.83E-08  5301.12E-09  1246.25E-09  3439.28E-08  6177.11E-11  8959.15E-11  0000.00E+00  0000.00E+00  0000.00E+00  0000.00E+00  0000.00E+00  0000.00E+00  0000.00E+00  0000.00E+00  0000.00E+00  0000.00E+00  0000.00E+00  0000.00E+00  0000.00E+00  0000.00E+00  0000.00E+00  0000.00E+00  
390000.E+02  7020.99E-08  0000.00E+00  0000.00E+00  0000.00E+00  0000.00E+00  0000.00E+00  0000.00E+00  0000.00E+00  0000.00E+00  7736.49E-09  2488.93E-08  5854.74E-09  7756.50E-09  1236.69E-09  2359.88E-08  1584.49E-10  3342.45E-11  0000.00E+00  0000.00E+00  0000.00E+00  0000.00E+00  0000.00E+00  0000.00E+00  0000.00E+00  0000.00E+00  0000.00E+00  0000.00E+00  0000.00E+00  0000.00E+00  0000.00E+00  0000.00E+00  0000.00E+00  0000.00E+00  
400000.E+02  9250.50E-08  0000.00E+00  0000.00E+00  0000.00E+00  0000.00E+00  0000.00E+00  0000.00E+00  0000.00E+00  0000.00E+00  1007.64E-08  4746.25E-09  7137.12E-09  7146.13E-09  1422.35E-09  6286.96E-08  1470.21E-10  4133.53E-11  0000.00E+00  0000.00E+00  0000.00E+00  0000.00E+00  0000.00E+00  0000.00E+00  0000.00E+00  0000.00E+00  0000.00E+00  0000.00E+00  0000.00E+00  0000.00E+00  0000.00E+00  0000.00E+00  0000.00E+00  0000.00E+00  
410000.E+02  7750.91E-08  0000.00E+00  0000.00E+00  0000.00E+00  0000.00E+00  0000.00E+00  0000.00E+00  0000.00E+00  0000.00E+00  1154.50E-08  5065.94E-09  1782.65E-08  1920.26E-08  2288.32E-09  2256.36E-08  9389.30E-11  1715.01E-11  0000.00E+00  0000.00E+00  0000.00E+00  0000.00E+00  0000.00E+00  0000.00E+00  0000.00E+00  0000.00E+00  0000.00E+00  0000.00E+00  0000.00E+00  0000.00E+00  0000.00E+00  0000.00E+00  0000.00E+00  0000.00E+00  
420000.E+02  5687.15E-08  0000.00E+00  0000.00E+00  0000.00E+00  0000.00E+00  0000.00E+00  0000.00E+00  0000.00E+00  0000.00E+00  1128.28E-08  4149.35E-09  1058.07E-08  9077.87E-09  1192.80E-09  2140.88E-08  2764.89E-10  3248.16E-11  0000.00E+00  0000.00E+00  0000.00E+00  0000.00E+00  0000.00E+00  0000.00E+00  0000.00E+00  0000.00E+00  0000.00E+00  0000.00E+00  0000.00E+00  0000.00E+00  0000.00E+00  0000.00E+00  0000.00E+00  0000.00E+00  
430000.E+02  7418.53E-08  0000.00E+00  0000.00E+00  0000.00E+00  0000.00E+00  0000.00E+00  0000.00E+00  0000.00E+00  0000.00E+00  1741.95E-08  5157.80E-09  7949.88E-09  7666.47E-09  3918.41E-09  3304.98E-08  7967.57E-11  6033.01E-11  0000.00E+00  0000.00E+00  0000.00E+00  0000.00E+00  0000.00E+00  0000.00E+00  0000.00E+00  0000.00E+00  0000.00E+00  0000.00E+00  0000.00E+00  0000.00E+00  0000.00E+00  0000.00E+00  0000.00E+00  0000.00E+00  
440000.E+02  1188.41E-07  0000.00E+00  0000.00E+00  0000.00E+00  0000.00E+00  0000.00E+00  0000.00E+00  0000.00E+00  0000.00E+00  2324.93E-08  5306.21E-08  6868.86E-09  7872.50E-09  4094.86E-09  2476.82E-08  5643.76E-11  2868.12E-11  0000.00E+00  0000.00E+00  0000.00E+00  0000.00E+00  0000.00E+00  0000.00E+00  0000.00E+00  0000.00E+00  0000.00E+00  0000.00E+00  0000.00E+00  0000.00E+00  0000.00E+00  0000.00E+00  0000.00E+00  0000.00E+00  
450000.E+02  8048.56E-08  0000.00E+00  0000.00E+00  0000.00E+00  0000.00E+00  0000.00E+00  0000.00E+00  0000.00E+00  0000.00E+00  2491.19E-08  4449.49E-09  9681.64E-09  9891.61E-09  5950.63E-09  2642.43E-08  2665.08E-10  5249.30E-11  0000.00E+00  0000.00E+00  0000.00E+00  0000.00E+00  0000.00E+00  0000.00E+00  0000.00E+00  0000.00E+00  0000.00E+00  0000.00E+00  0000.00E+00  0000.00E+00  0000.00E+00  0000.00E+00  0000.00E+00  0000.00E+00  
460000.E+02  1039.33E-07  0000.00E+00  0000.00E+00  0000.00E+00  0000.00E+00  0000.00E+00  0000.00E+00  0000.00E+00  0000.00E+00  3720.89E-08  6636.65E-09  8270.97E-09  1089.22E-08  1943.01E-09  4004.36E-08  5721.69E-11  6676.48E-11  0000.00E+00  0000.00E+00  0000.00E+00  0000.00E+00  0000.00E+00  0000.00E+00  0000.00E+00  0000.00E+00  0000.00E+00  0000.00E+00  0000.00E+00  0000.00E+00  0000.00E+00  0000.00E+00  0000.00E+00  0000.00E+00  
470000.E+02  8150.79E-08  0000.00E+00  0000.00E+00  0000.00E+00  0000.00E+00  0000.00E+00  0000.00E+00  0000.00E+00  0000.00E+00  1285.58E-08  6908.61E-09  1045.84E-08  7465.84E-09  2560.16E-09  4239.08E-08  4306.38E-11  3972.81E-11  0000.00E+00  0000.00E+00  0000.00E+00  0000.00E+00  0000.00E+00  0000.00E+00  0000.00E+00  0000.00E+00  0000.00E+00  0000.00E+00  0000.00E+00  0000.00E+00  0000.00E+00  0000.00E+00  0000.00E+00  0000.00E+00  
480000.E+02  6262.81E-08  0000.00E+00  0000.00E+00  0000.00E+00  0000.00E+00  0000.00E+00  0000.00E+00  0000.00E+00  0000.00E+00  1110.41E-08  5016.80E-09  8381.89E-09  7839.49E-09  2143.95E-09  2859.52E-08  8171.86E-11  6959.49E-10  0000.00E+00  0000.00E+00  0000.00E+00  0000.00E+00  0000.00E+00  0000.00E+00  0000.00E+00  0000.00E+00  0000.00E+00  0000.00E+00  0000.00E+00  0000.00E+00  0000.00E+00  0000.00E+00  0000.00E+00  0000.00E+00  
490000.E+02  1188.29E-07  0000.00E+00  0000.00E+00  0000.00E+00  0000.00E+00  0000.00E+00  0000.00E+00  0000.00E+00  0000.00E+00  3860.99E-08  6235.80E-09  1863.49E-08  8605.06E-09  1463.21E-09  4641.49E-08  3059.43E-11  5211.35E-11  0000.00E+00  0000.00E+00  0000.00E+00  0000.00E+00  0000.00E+00  0000.00E+00  0000.00E+00  0000.00E+00  0000.00E+00  0000.00E+00  0000.00E+00  0000.00E+00  0000.00E+00  0000.00E+00  0000.00E+00  0000.00E+00  
500000.E+02  6479.64E-08  0000.00E+00  0000.00E+00  0000.00E+00  0000.00E+00  0000.00E+00  0000.00E+00  0000.00E+00  0000.00E+00  1147.21E-08  4711.25E-09  1212.84E-08  6371.89E-09  6561.34E-09  2418.68E-08  1185.81E-10  5933.07E-10  0000.00E+00  0000.00E+00  0000.00E+00  0000.00E+00  0000.00E+00  0000.00E+00  0000.00E+00  0000.00E+00  0000.00E+00  0000.00E+00  0000.00E+00  0000.00E+00  0000.00E+00  0000.00E+00  0000.00E+00  0000.00E+00  
510000.E+02  7243.86E-08  0000.00E+00  0000.00E+00  0000.00E+00  0000.00E+00  0000.00E+00  0000.00E+00  0000.00E+00  0000.00E+00  0000.00E+00  0000.00E+00  0000.00E+00  0000.00E+00  0000.00E+00  0000.00E+00  0000.00E+00  0000.00E+00  2279.11E-08  3799.08E-08  1217.68E-08  2587.08E-10  1744.64E-11  2017.02E-11  6737.43E-11  2635.79E-11  0000.00E+00  0000.00E+00  0000.00E+00  0000.00E+00  0000.00E+00  0000.00E+00  0000.00E+00  0000.00E+00  
520000.E+02  1436.93E-07  0000.00E+00  0000.00E+00  0000.00E+00  0000.00E+00  0000.00E+00  0000.00E+00  0000.00E+00  0000.00E+00  0000.00E+00  0000.00E+00  0000.00E+00  0000.00E+00  0000.00E+00  0000.00E+00  0000.00E+00  0000.00E+00  1166.36E-07  3076.55E-09  2460.40E-08  2726.63E-10  6479.11E-11  2270.43E-11  6130.05E-11  3787.12E-11  0000.00E+00  0000.00E+00  0000.00E+00  0000.00E+00  0000.00E+00  0000.00E+00  0000.00E+00  0000.00E+00  
530000.E+02  2555.56E-07  0000.00E+00  0000.00E+00  0000.00E+00  0000.00E+00  0000.00E+00  0000.00E+00  0000.00E+00  0000.00E+00  0000.00E+00  0000.00E+00  0000.00E+00  0000.00E+00  0000.00E+00  0000.00E+00  0000.00E+00  0000.00E+00  2221.15E-07  6490.81E-09  2722.01E-08  3554.47E-10  3231.52E-10  6038.55E-11  1467.21E-11  5800.39E-11  0000.00E+00  0000.00E+00  0000.00E+00  0000.00E+00  0000.00E+00  0000.00E+00  0000.00E+00  0000.00E+00  
540000.E+02  7165.12E-08  0000.00E+00  0000.00E+00  0000.00E+00  0000.00E+00  0000.00E+00  0000.00E+00  0000.00E+00  0000.00E+00  0000.00E+00  0000.00E+00  0000.00E+00  0000.00E+00  0000.00E+00  0000.00E+00  0000.00E+00  0000.00E+00  4289.39E-08  5012.55E-09  2459.02E-08  7168.80E-11  1043.61E-10  3575.30E-11  1405.93E-11  2540.25E-11  0000.00E+00  0000.00E+00  0000.00E+00  0000.00E+00  0000.00E+00  0000.00E+00  0000.00E+00  0000.00E+00  
550000.E+02  6444.13E-08  0000.00E+00  0000.00E+00  0000.00E+00  0000.00E+00  0000.00E+00  0000.00E+00  0000.00E+00  0000.00E+00  0000.00E+00  0000.00E+00  0000.00E+00  0000.00E+00  0000.00E+00  0000.00E+00  0000.00E+00  0000.00E+00  2502.78E-08  6994.68E-09  3309.06E-08  3327.25E-10  3568.69E-11  5310.07E-11  1442.37E-11  1370.73E-11  0000.00E+00  0000.00E+00  0000.00E+00  0000.00E+00  0000.00E+00  0000.00E+00  0000.00E+00  0000.00E+00  
560000.E+02  7801.51E-08  0000.00E+00  0000.00E+00  0000.00E+00  0000.00E+00  0000.00E+00  0000.00E+00  0000.00E+00  0000.00E+00  0000.00E+00  0000.00E+00  0000.00E+00  0000.00E+00  0000.00E+00  0000.00E+00  0000.00E+00  0000.00E+00  3490.53E-08  7819.79E-09  3569.78E-08  5805.60E-10  5983.70E-11  2395.66E-11  3390.95E-11  3387.44E-11  0000.00E+00  0000.00E+00  0000.00E+00  0000.00E+00  0000.00E+00  0000.00E+00  0000.00E+00  0000.00E+00  
570000.E+02  5556.86E-08  0000.00E+00  0000.00E+00  0000.00E+00  0000.00E+00  0000.00E+00  0000.00E+00  0000.00E+00  0000.00E+00  0000.00E+00  0000.00E+00  0000.00E+00  0000.00E+00  0000.00E+00  0000.00E+00  0000.00E+00  0000.00E+00  3562.64E-08  4211.15E-09  1644.29E-08  1627.68E-10  7277.20E-11  1306.27E-10  5017.41E-12  4486.21E-11  0000.00E+00  0000.00E+00  0000.00E+00  0000.00E+00  0000.00E+00  0000.00E+00  0000.00E+00  0000.00E+00  
580000.E+02  7570.43E-08  0000.00E+00  0000.00E+00  0000.00E+00  0000.00E+00  0000.00E+00  0000.00E+00  0000.00E+00  0000.00E+00  0000.00E+00  0000.00E+00  0000.00E+00  0000.00E+00  0000.00E+00  0000.00E+00  0000.00E+00  0000.00E+00  2746.49E-08  8921.74E-09  3996.76E-08  3927.90E-10  2543.86E-11  3909.90E-11  1215.95E-11  3618.09E-11  0000.00E+00  0000.00E+00  0000.00E+00  0000.00E+00  0000.00E+00  0000.00E+00  0000.00E+00  0000.00E+00  
590000.E+02  9844.61E-08  0000.00E+00  0000.00E+00  0000.00E+00  0000.00E+00  0000.00E+00  0000.00E+00  0000.00E+00  0000.00E+00  0000.00E+00  0000.00E+00  0000.00E+00  0000.00E+00  0000.00E+00  0000.00E+00  0000.00E+00  0000.00E+00  3020.17E-08  2734.44E-08  4131.53E-08  3748.83E-10  4336.39E-11  2852.70E-10  8527.32E-12  6485.17E-11  0000.00E+00  0000.00E+00  0000.00E+00  0000.00E+00  0000.00E+00  0000.00E+00  0000.00E+00  0000.00E+00  
600000.E+02  5639.30E-08  0000.00E+00  0000.00E+00  0000.00E+00  0000.00E+00  0000.00E+00  0000.00E+00  0000.00E+00  0000.00E+00  0000.00E+00  0000.00E+00  0000.00E+00  0000.00E+00  0000.00E+00  0000.00E+00  0000.00E+00  0000.00E+00  2405.13E-08  1370.50E-08  1917.16E-08  3145.34E-10  4996.21E-11  2133.16E-10  7464.65E-11  1049.11E-11  0000.00E+00  0000.00E+00  0000.00E+00  0000.00E+00  0000.00E+00  0000.00E+00  0000.00E+00  0000.00E+00  
610000.E+02  2782.50E-07  0000.00E+00  0000.00E+00  0000.00E+00  0000.00E+00  0000.00E+00  0000.00E+00  0000.00E+00  0000.00E+00  0000.00E+00  0000.00E+00  0000.00E+00  0000.00E+00  0000.00E+00  0000.00E+00  0000.00E+00  0000.00E+00  2487.90E-07  4389.29E-09  2545.80E-08  3972.60E-10  3116.56E-11  3158.74E-10  6774.02E-11  9521.24E-12  0000.00E+00  0000.00E+00  0000.00E+00  0000.00E+00  0000.00E+00  0000.00E+00  0000.00E+00  0000.00E+00  
620000.E+02  7181.15E-08  0000.00E+00  0000.00E+00  0000.00E+00  0000.00E+00  0000.00E+00  0000.00E+00  0000.00E+00  0000.00E+00  0000.00E+00  0000.00E+00  0000.00E+00  0000.00E+00  0000.00E+00  0000.00E+00  0000.00E+00  0000.00E+00  3787.32E-08  1082.84E-08  2375.14E-08  2588.91E-10  7990.56E-11  1677.36E-10  3900.28E-11  1383.49E-11  0000.00E+00  0000.00E+00  0000.00E+00  0000.00E+00  0000.00E+00  0000.00E+00  0000.00E+00  0000.00E+00  
630000.E+02  1117.06E-07  0000.00E+00  0000.00E+00  0000.00E+00  0000.00E+00  0000.00E+00  0000.00E+00  0000.00E+00  0000.00E+00  0000.00E+00  0000.00E+00  0000.00E+00  0000.00E+00  0000.00E+00  0000.00E+00  0000.00E+00  0000.00E+00  4860.27E-08  7003.39E-09  5676.86E-08  3043.56E-10  9138.76E-11  2927.20E-11  1562.27E-11  1248.17E-10  0000.00E+00  0000.00E+00  0000.00E+00  0000.00E+00  0000.00E+00  0000.00E+00  0000.00E+00  0000.00E+00  
640000.E+02  8432.13E-08  0000.00E+00  0000.00E+00  0000.00E+00  0000.00E+00  0000.00E+00  0000.00E+00  0000.00E+00  0000.00E+00  0000.00E+00  0000.00E+00  0000.00E+00  0000.00E+00  0000.00E+00  0000.00E+00  0000.00E+00  0000.00E+00  5523.51E-08  5193.52E-09  2422.19E-08  3868.05E-10  3037.74E-11  8239.91E-11  4072.58E-10  1827.71E-11  0000.00E+00  0000.00E+00  0000.00E+00  0000.00E+00  0000.00E+00  0000.00E+00  0000.00E+00  0000.00E+00  
650000.E+02  4773.12E-08  0000.00E+00  0000.00E+00  0000.00E+00  0000.00E+00  0000.00E+00  0000.00E+00  0000.00E+00  0000.00E+00  0000.00E+00  0000.00E+00  0000.00E+00  0000.00E+00  0000.00E+00  0000.00E+00  0000.00E+00  0000.00E+00  2292.57E-08  8654.64E-09  1575.94E-08  1455.35E-09  3753.10E-11  8323.64E-11  7221.49E-11  1808.88E-11  0000.00E+00  0000.00E+00  0000.00E+00  0000.00E+00  0000.00E+00  0000.00E+00  0000.00E+00  0000.00E+00  
660000.E+02  5845.17E-08  0000.00E+00  0000.00E+00  0000.00E+00  0000.00E+00  0000.00E+00  0000.00E+00  0000.00E+00  0000.00E+00  0000.00E+00  0000.00E+00  0000.00E+00  0000.00E+00  0000.00E+00  0000.00E+00  0000.00E+00  0000.00E+00  3158.66E-08  5055.34E-09  2239.33E-08  4363.93E-10  3674.22E-11  1254.53E-10  5693.43E-11  4526.10E-11  0000.00E+00  0000.00E+00  0000.00E+00  0000.00E+00  0000.00E+00  0000.00E+00  0000.00E+00  0000.00E+00  
670000.E+02  1004.79E-07  0000.00E+00  0000.00E+00  0000.00E+00  0000.00E+00  0000.00E+00  0000.00E+00  0000.00E+00  0000.00E+00  0000.00E+00  0000.00E+00  0000.00E+00  0000.00E+00  0000.00E+00  0000.00E+00  0000.00E+00  0000.00E+00  5894.63E-08  6769.49E-09  3545.67E-08  4117.79E-10  6105.51E-11  7684.49E-11  3405.47E-11  2261.29E-11  0000.00E+00  0000.00E+00  0000.00E+00  0000.00E+00  0000.00E+00  0000.00E+00  0000.00E+00  0000.00E+00  
680000.E+02  7408.37E-08  0000.00E+00  0000.00E+00  0000.00E+00  0000.00E+00  0000.00E+00  0000.00E+00  0000.00E+00  0000.00E+00  0000.00E+00  0000.00E+00  0000.00E+00  0000.00E+00  0000.00E+00  0000.00E+00  0000.00E+00  0000.00E+00  4240.46E-08  5232.91E-09  2632.93E-08  1003.51E-09  1067.64E-10  1113.17E-10  1897.19E-10  4744.10E-11  0000.00E+00  0000.00E+00  0000.00E+00  0000.00E+00  0000.00E+00  0000.00E+00  0000.00E+00  0000.00E+00  
690000.E+02  8234.08E-08  0000.00E+00  0000.00E+00  0000.00E+00  0000.00E+00  0000.00E+00  0000.00E+00  0000.00E+00  0000.00E+00  0000.00E+00  0000.00E+00  0000.00E+00  0000.00E+00  0000.00E+00  0000.00E+00  0000.00E+00  0000.00E+00  5032.50E-08  3271.95E-09  2970.76E-08  1891.47E-10  7186.39E-11  9861.18E-11  3679.33E-11  9898.97E-12  0000.00E+00  0000.00E+00  0000.00E+00  0000.00E+00  0000.00E+00  0000.00E+00  0000.00E+00  0000.00E+00  
700000.E+02  6528.38E-08  0000.00E+00  0000.00E+00  0000.00E+00  0000.00E+00  0000.00E+00  0000.00E+00  0000.00E+00  0000.00E+00  0000.00E+00  0000.00E+00  0000.00E+00  0000.00E+00  0000.00E+00  0000.00E+00  0000.00E+00  0000.00E+00  3818.36E-08  5655.79E-09  2223.83E-08  2756.14E-10  2093.19E-10  2884.25E-11  3262.11E-11  2350.16E-11  0000.00E+00  0000.00E+00  0000.00E+00  0000.00E+00  0000.00E+00  0000.00E+00  0000.00E+00  0000.00E+00  
710000.E+02  7079.62E-08  0000.00E+00  0000.00E+00  0000.00E+00  0000.00E+00  0000.00E+00  0000.00E+00  0000.00E+00  0000.00E+00  0000.00E+00  0000.00E+00  0000.00E+00  0000.00E+00  0000.00E+00  0000.00E+00  0000.00E+00  0000.00E+00  4039.02E-08  5235.28E-09  2559.62E-08  5917.50E-10  1960.22E-10  8618.59E-11  1021.57E-10  1949.48E-11  0000.00E+00  0000.00E+00  0000.00E+00  0000.00E+00  0000.00E+00  0000.00E+00  0000.00E+00  0000.00E+00  
720000.E+02  2053.68E-07  0000.00E+00  0000.00E+00  0000.00E+00  0000.00E+00  0000.00E+00  0000.00E+00  0000.00E+00  0000.00E+00  0000.00E+00  0000.00E+00  0000.00E+00  0000.00E+00  0000.00E+00  0000.00E+00  0000.00E+00  0000.00E+00  2829.84E-08  1565.05E-07  2118.03E-08  4953.74E-10  1891.82E-10  8140.13E-11  6998.03E-11  2390.75E-11  0000.00E+00  0000.00E+00  0000.00E+00  0000.00E+00  0000.00E+00  0000.00E+00  0000.00E+00  0000.00E+00  
730000.E+02  8481.18E-08  0000.00E+00  0000.00E+00  0000.00E+00  0000.00E+00  0000.00E+00  0000.00E+00  0000.00E+00  0000.00E+00  0000.00E+00  0000.00E+00  0000.00E+00  0000.00E+00  0000.00E+00  0000.00E+00  0000.00E+00  0000.00E+00  4594.28E-08  5163.33E-09  2688.39E-08  4681.10E-10  1192.50E-10  7623.69E-09  4467.58E-11  5999.84E-11  0000.00E+00  0000.00E+00  0000.00E+00  0000.00E+00  0000.00E+00  0000.00E+00  0000.00E+00  0000.00E+00  
740000.E+02  7189.20E-07  0000.00E+00  0000.00E+00  0000.00E+00  0000.00E+00  0000.00E+00  0000.00E+00  0000.00E+00  0000.00E+00  0000.00E+00  0000.00E+00  0000.00E+00  0000.00E+00  0000.00E+00  0000.00E+00  0000.00E+00  0000.00E+00  3916.74E-08  4830.38E-09  6755.71E-07  6106.57E-10  7606.52E-11  4132.25E-11  1320.40E-10  1178.97E-11  0000.00E+00  0000.00E+00  0000.00E+00  0000.00E+00  0000.00E+00  0000.00E+00  0000.00E+00  0000.00E+00  
750000.E+02  1153.02E-07  0000.00E+00  0000.00E+00  0000.00E+00  0000.00E+00  0000.00E+00  0000.00E+00  0000.00E+00  0000.00E+00  0000.00E+00  0000.00E+00  0000.00E+00  0000.00E+00  0000.00E+00  0000.00E+00  0000.00E+00  0000.00E+00  6472.09E-08  5237.77E-09  4632.55E-08  1997.82E-10  4876.22E-11  9896.17E-11  1852.95E-10  5097.30E-11  0000.00E+00  0000.00E+00  0000.00E+00  0000.00E+00  0000.00E+00  0000.00E+00  0000.00E+00  0000.00E+00  
760000.E+02  7320.13E-08  0000.00E+00  0000.00E+00  0000.00E+00  0000.00E+00  0000.00E+00  0000.00E+00  0000.00E+00  0000.00E+00  0000.00E+00  0000.00E+00  0000.00E+00  0000.00E+00  0000.00E+00  0000.00E+00  0000.00E+00  0000.00E+00  4074.92E-08  5728.18E-09  2760.96E-08  5115.76E-10  6338.47E-11  5929.19E-11  4854.46E-11  2418.80E-11  0000.00E+00  0000.00E+00  0000.00E+00  0000.00E+00  0000.00E+00  0000.00E+00  0000.00E+00  0000.00E+00  
770000.E+02  8503.04E-08  0000.00E+00  0000.00E+00  0000.00E+00  0000.00E+00  0000.00E+00  0000.00E+00  0000.00E+00  0000.00E+00  0000.00E+00  0000.00E+00  0000.00E+00  0000.00E+00  0000.00E+00  0000.00E+00  0000.00E+00  0000.00E+00  4133.28E-08  4770.03E-09  3976.14E-08  4737.15E-10  8215.30E-11  1418.18E-10  5915.60E-11  3894.39E-11  0000.00E+00  0000.00E+00  0000.00E+00  0000.00E+00  0000.00E+00  0000.00E+00  0000.00E+00  0000.00E+00  
780000.E+02  1321.15E-07  0000.00E+00  0000.00E+00  0000.00E+00  0000.00E+00  0000.00E+00  0000.00E+00  0000.00E+00  0000.00E+00  0000.00E+00  0000.00E+00  0000.00E+00  0000.00E+00  0000.00E+00  0000.00E+00  0000.00E+00  0000.00E+00  5011.42E-08  8446.08E-09  7342.29E-08  1517.53E-09  9429.88E-11  3611.19E-11  7375.96E-11  9757.71E-11  0000.00E+00  0000.00E+00  0000.00E+00  0000.00E+00  0000.00E+00  0000.00E+00  0000.00E+00  0000.00E+00  
790000.E+02  9105.85E-08  0000.00E+00  0000.00E+00  0000.00E+00  0000.00E+00  0000.00E+00  0000.00E+00  0000.00E+00  0000.00E+00  0000.00E+00  0000.00E+00  0000.00E+00  0000.00E+00  0000.00E+00  0000.00E+00  0000.00E+00  0000.00E+00  4644.63E-08  9313.75E-09  3621.82E-08  4994.08E-10  6888.71E-11  3768.89E-11  1784.11E-10  1238.57E-11  0000.00E+00  0000.00E+00  0000.00E+00  0000.00E+00  0000.00E+00  0000.00E+00  0000.00E+00  0000.00E+00  
800000.E+02  8686.29E-08  0000.00E+00  0000.00E+00  0000.00E+00  0000.00E+00  0000.00E+00  0000.00E+00  0000.00E+00  0000.00E+00  0000.00E+00  0000.00E+00  0000.00E+00  0000.00E+00  0000.00E+00  0000.00E+00  0000.00E+00  0000.00E+00  5218.39E-08  5004.76E-09  2829.77E-08  2685.07E-09  8922.43E-11  3870.46E-10  9767.18E-11  1356.11E-11  0000.00E+00  0000.00E+00  0000.00E+00  0000.00E+00  0000.00E+00  0000.00E+00  0000.00E+00  0000.00E+00  
810000.E+02  2981.77E-07  0000.00E+00  0000.00E+00  0000.00E+00  0000.00E+00  0000.00E+00  0000.00E+00  0000.00E+00  0000.00E+00  0000.00E+00  0000.00E+00  0000.00E+00  0000.00E+00  0000.00E+00  0000.00E+00  0000.00E+00  0000.00E+00  0000.00E+00  0000.00E+00  0000.00E+00  0000.00E+00  0000.00E+00  0000.00E+00  0000.00E+00  0000.00E+00  7124.39E-08  1445.36E-08  2135.02E-07  2633.40E-10  2551.78E-10  1076.95E-10  7467.55E-11  4670.00E-11  
820000.E+02  1339.20E-07  0000.00E+00  0000.00E+00  0000.00E+00  0000.00E+00  0000.00E+00  0000.00E+00  0000.00E+00  0000.00E+00  0000.00E+00  0000.00E+00  0000.00E+00  0000.00E+00  0000.00E+00  0000.00E+00  0000.00E+00  0000.00E+00  0000.00E+00  0000.00E+00  0000.00E+00  0000.00E+00  0000.00E+00  0000.00E+00  0000.00E+00  0000.00E+00  6909.61E-08  1245.84E-08  4405.12E-08  9907.49E-09  7198.59E-11  7318.56E-11  2869.93E-11  2182.51E-10  
830000.E+02  9262.72E-08  0000.00E+00  0000.00E+00  0000.00E+00  0000.00E+00  0000.00E+00  0000.00E+00  0000.00E+00  0000.00E+00  0000.00E+00  0000.00E+00  0000.00E+00  0000.00E+00  0000.00E+00  0000.00E+00  0000.00E+00  0000.00E+00  0000.00E+00  0000.00E+00  0000.00E+00  0000.00E+00  0000.00E+00  0000.00E+00  0000.00E+00  0000.00E+00  4363.61E-08  7937.39E-09  3633.98E-08  6496.01E-09  5212.24E-11  1114.16E-10  4400.92E-11  3888.18E-11  
840000.E+02  1690.68E-07  0000.00E+00  0000.00E+00  0000.00E+00  0000.00E+00  0000.00E+00  0000.00E+00  0000.00E+00  0000.00E+00  0000.00E+00  0000.00E+00  0000.00E+00  0000.00E+00  0000.00E+00  0000.00E+00  0000.00E+00  0000.00E+00  0000.00E+00  0000.00E+00  0000.00E+00  0000.00E+00  0000.00E+00  0000.00E+00  0000.00E+00  0000.00E+00  1266.46E-07  7072.52E-09  3667.40E-08  4598.30E-10  7333.11E-11  3147.93E-11  1920.27E-10  3284.01E-11  
850000.E+02  1540.74E-07  0000.00E+00  0000.00E+00  0000.00E+00  0000.00E+00  0000.00E+00  0000.00E+00  0000.00E+00  0000.00E+00  0000.00E+00  0000.00E+00  0000.00E+00  0000.00E+00  0000.00E+00  0000.00E+00  0000.00E+00  0000.00E+00  0000.00E+00  0000.00E+00  0000.00E+00  0000.00E+00  0000.00E+00  0000.00E+00  0000.00E+00  0000.00E+00  9713.63E-08  6718.74E-09  5141.46E-08  5536.27E-10  1093.85E-10  1283.00E-10  7313.26E-11  1040.95E-10  
860000.E+02  1248.91E-07  0000.00E+00  0000.00E+00  0000.00E+00  0000.00E+00  0000.00E+00  0000.00E+00  0000.00E+00  0000.00E+00  0000.00E+00  0000.00E+00  0000.00E+00  0000.00E+00  0000.00E+00  0000.00E+00  0000.00E+00  0000.00E+00  0000.00E+00  0000.00E+00  0000.00E+00  0000.00E+00  0000.00E+00  0000.00E+00  0000.00E+00  0000.00E+00  6811.62E-08  1404.94E-08  4417.32E-08  4273.68E-10  1243.52E-10  1026.15E-10  1196.06E-10  4257.86E-11  
870000.E+02  1733.65E-07  0000.00E+00  0000.00E+00  0000.00E+00  0000.00E+00  0000.00E+00  0000.00E+00  0000.00E+00  0000.00E+00  0000.00E+00  0000.00E+00  0000.00E+00  0000.00E+00  0000.00E+00  0000.00E+00  0000.00E+00  0000.00E+00  0000.00E+00  0000.00E+00  0000.00E+00  0000.00E+00  0000.00E+00  0000.00E+00  0000.00E+00  0000.00E+00  1301.18E-07  1141.90E-08  3328.13E-08  5713.46E-10  1684.91E-10  9818.98E-11  6963.50E-11  4765.90E-11  
880000.E+02  1493.42E-07  0000.00E+00  0000.00E+00  0000.00E+00  0000.00E+00  0000.00E+00  0000.00E+00  0000.00E+00  0000.00E+00  0000.00E+00  0000.00E+00  0000.00E+00  0000.00E+00  0000.00E+00  0000.00E+00  0000.00E+00  0000.00E+00  0000.00E+00  0000.00E+00  0000.00E+00  0000.00E+00  0000.00E+00  0000.00E+00  0000.00E+00  0000.00E+00  9565.90E-08  1116.66E-08  4184.73E-08  2736.31E-09  1611.68E-10  2091.08E-10  5152.90E-11  4191.56E-11  
890000.E+02  1532.24E-07  0000.00E+00  0000.00E+00  0000.00E+00  0000.00E+00  0000.00E+00  0000.00E+00  0000.00E+00  0000.00E+00  0000.00E+00  0000.00E+00  0000.00E+00  0000.00E+00  0000.00E+00  0000.00E+00  0000.00E+00  0000.00E+00  0000.00E+00  0000.00E+00  0000.00E+00  0000.00E+00  0000.00E+00  0000.00E+00  0000.00E+00  0000.00E+00  8553.63E-08  3093.34E-08  3789.28E-08  8350.78E-10  1402.21E-10  1677.16E-10  7898.29E-11  3219.77E-10  
900000.E+02  1656.77E-07  0000.00E+00  0000.00E+00  0000.00E+00  0000.00E+00  0000.00E+00  0000.00E+00  0000.00E+00  0000.00E+00  0000.00E+00  0000.00E+00  0000.00E+00  0000.00E+00  0000.00E+00  0000.00E+00  0000.00E+00  0000.00E+00  0000.00E+00  0000.00E+00  0000.00E+00  0000.00E+00  0000.00E+00  0000.00E+00  0000.00E+00  0000.00E+00  5965.57E-08  5925.64E-08  4689.18E-08  1737.69E-09  5675.66E-10  2621.50E-10  3307.43E-11  9284.17E-11  
910000.E+02  2476.43E-07  0000.00E+00  0000.00E+00  0000.00E+00  0000.00E+00  0000.00E+00  0000.00E+00  0000.00E+00  0000.00E+00  0000.00E+00  0000.00E+00  0000.00E+00  0000.00E+00  0000.00E+00  0000.00E+00  0000.00E+00  0000.00E+00  0000.00E+00  0000.00E+00  0000.00E+00  0000.00E+00  0000.00E+00  0000.00E+00  0000.00E+00  0000.00E+00  1360.06E-07  2671.51E-08  8651.13E-08  7192.32E-10  1765.83E-10  4544.93E-10  1878.58E-10  2653.47E-11  
920000.E+02  2431.27E-07  0000.00E+00  0000.00E+00  0000.00E+00  0000.00E+00  0000.00E+00  0000.00E+00  0000.00E+00  0000.00E+00  0000.00E+00  0000.00E+00  0000.00E+00  0000.00E+00  0000.00E+00  0000.00E+00  0000.00E+00  0000.00E+00  0000.00E+00  0000.00E+00  0000.00E+00  0000.00E+00  0000.00E+00  0000.00E+00  0000.00E+00  0000.00E+00  1504.89E-07  1245.37E-08  8171.69E-08  9403.49E-10  2795.79E-10  3118.14E-10  2704.55E-10  1363.58E-10  
930000.E+02  2354.69E-07  0000.00E+00  0000.00E+00  0000.00E+00  0000.00E+00  0000.00E+00  0000.00E+00  0000.00E+00  0000.00E+00  0000.00E+00  0000.00E+00  0000.00E+00  0000.00E+00  0000.00E+00  0000.00E+00  0000.00E+00  0000.00E+00  0000.00E+00  0000.00E+00  0000.00E+00  0000.00E+00  0000.00E+00  0000.00E+00  0000.00E+00  0000.00E+00  1387.42E-07  1659.03E-08  8269.40E-08  7851.47E-10  2209.40E-10  1599.62E-10  1411.89E-10  3532.88E-11  
940000.E+02  2546.05E-07  0000.00E+00  0000.00E+00  0000.00E+00  0000.00E+00  0000.00E+00  0000.00E+00  0000.00E+00  0000.00E+00  0000.00E+00  0000.00E+00  0000.00E+00  0000.00E+00  0000.00E+00  0000.00E+00  0000.00E+00  0000.00E+00  0000.00E+00  0000.00E+00  0000.00E+00  0000.00E+00  0000.00E+00  0000.00E+00  0000.00E+00  0000.00E+00  1527.82E-07  2271.99E-08  7832.88E-08  4582.42E-09  4551.22E-10  2543.64E-10  1141.31E-10  1200.59E-10  
950000.E+02  3091.26E-07  0000.00E+00  0000.00E+00  0000.00E+00  0000.00E+00  0000.00E+00  0000.00E+00  0000.00E+00  0000.00E+00  0000.00E+00  0000.00E+00  0000.00E+00  0000.00E+00  0000.00E+00  0000.00E+00  0000.00E+00  0000.00E+00  0000.00E+00  0000.00E+00  0000.00E+00  0000.00E+00  0000.00E+00  0000.00E+00  0000.00E+00  0000.00E+00  1596.75E-07  2967.01E-08  1201.50E-07  4625.91E-09  6444.51E-10  4151.71E-10  1122.51E-10  4184.31E-10  
960000.E+02  5114.87E-07  0000.00E+00  0000.00E+00  0000.00E+00  0000.00E+00  0000.00E+00  0000.00E+00  0000.00E+00  0000.00E+00  0000.00E+00  0000.00E+00  0000.00E+00  0000.00E+00  0000.00E+00  0000.00E+00  0000.00E+00  0000.00E+00  0000.00E+00  0000.00E+00  0000.00E+00  0000.00E+00  0000.00E+00  0000.00E+00  0000.00E+00  0000.00E+00  2530.91E-07  3362.73E-08  2286.57E-07  3729.41E-09  7319.58E-10  8387.73E-10  3734.54E-10  3000.11E-10  
970000.E+02  5843.02E-07  0000.00E+00  0000.00E+00  0000.00E+00  0000.00E+00  0000.00E+00  0000.00E+00  0000.00E+00  0000.00E+00  0000.00E+00  0000.00E+00  0000.00E+00  0000.00E+00  0000.00E+00  0000.00E+00  0000.00E+00  0000.00E+00  0000.00E+00  0000.00E+00  0000.00E+00  0000.00E+00  0000.00E+00  0000.00E+00  0000.00E+00  0000.00E+00  2987.41E-07  5087.23E-08  2419.57E-07  3525.52E-09  8898.07E-10  4626.70E-10  3904.20E-10  1828.54E-09  
980000.E+02  5441.73E-07  0000.00E+00  0000.00E+00  0000.00E+00  0000.00E+00  0000.00E+00  0000.00E+00  0000.00E+00  0000.00E+00  0000.00E+00  0000.00E+00  0000.00E+00  0000.00E+00  0000.00E+00  0000.00E+00  0000.00E+00  0000.00E+00  0000.00E+00  0000.00E+00  0000.00E+00  0000.00E+00  0000.00E+00  0000.00E+00  0000.00E+00  0000.00E+00  2706.54E-07  4441.88E-08  2335.64E-07  8749.91E-09  1120.41E-09  6861.15E-10  5395.14E-10  2311.92E-10  
990000.E+02  4983.83E-07  0000.00E+00  0000.00E+00  0000.00E+00  0000.00E+00  0000.00E+00  0000.00E+00  0000.00E+00  0000.00E+00  0000.00E+00  0000.00E+00  0000.00E+00  0000.00E+00  0000.00E+00  0000.00E+00  0000.00E+00  0000.00E+00  0000.00E+00  0000.00E+00  0000.00E+00  0000.00E+00  0000.00E+00  0000.00E+00  0000.00E+00  0000.00E+00  2048.50E-07  4398.43E-08  2565.48E-07  3812.50E-09  4680.20E-10  6536.63E-10  3266.19E-10  1992.45E-10  
100000.E+03  2379.73E-07  0000.00E+00  0000.00E+00  0000.00E+00  0000.00E+00  0000.00E+00  0000.00E+00  0000.00E+00  0000.00E+00  0000.00E+00  0000.00E+00  0000.00E+00  0000.00E+00  0000.00E+00  0000.00E+00  0000.00E+00  0000.00E+00  0000.00E+00  0000.00E+00  0000.00E+00  0000.00E+00  0000.00E+00  0000.00E+00  0000.00E+00  0000.00E+00  9778.37E-08  4326.93E-08  1015.28E-07  1117.14E-09  4065.78E-10  1379.62E-10  1209.94E-10  1966.62E-10  
