====== 37 MeV H into skin/skull/brain/tumour =======
        SRIM-2013.00
==========================================
    Ion and Target VACANCY production     
  See SRIM Outputs\TDATA.txt for calc. details
==========================================
 See file :  SRIM Outputs\TDATA.txt for calculation data
 Ion    =  H   Energy = 37000 keV
============= TARGET MATERIAL ======================================
Layer  1 : Skin_Human (W&W type 1)
Layer Width =     1.E+07 A ;
  Layer # 1- Density = 10.56E22 atoms/cm3 = 1.09 g/cm3
  Layer # 1-  H = 61.7 Atomic Percent = 10.0 Mass Percent
  Layer # 1-  C = 12.9 Atomic Percent = 25.0 Mass Percent
  Layer # 1-  N = 2.04 Atomic Percent = 4.60 Mass Percent
  Layer # 1-  O = 23.1 Atomic Percent = 59.4 Mass Percent
  Layer # 1-  S = 5.82 Atomic Percent = .300 Mass Percent
  Layer # 1- Cl = .052 Atomic Percent = .300 Mass Percent
  Layer # 1- Na = .054 Atomic Percent = .200 Mass Percent
  Layer # 1-  K = 1.59 Atomic Percent = .100 Mass Percent
Layer  2 : Cortical Bone  Adult (W&W)
Layer Width =     4.E+07 A ;
  Layer # 2- Density = 9.946E22 atoms/cm3 = 1.92 g/cm3
  Layer # 2- Ca = 6.53 Atomic Percent = 22.5 Mass Percent
  Layer # 2-  P = 3.86 Atomic Percent = 10.3 Mass Percent
  Layer # 2-  H = 39.2 Atomic Percent = 3.40 Mass Percent
  Layer # 2-  C = 15.0 Atomic Percent = 15.5 Mass Percent
  Layer # 2-  N = 3.48 Atomic Percent = 4.20 Mass Percent
  Layer # 2-  O = 31.6 Atomic Percent = 43.5 Mass Percent
  Layer # 2-  S = .108 Atomic Percent = .300 Mass Percent
  Layer # 2- Mg = 9.57 Atomic Percent = .200 Mass Percent
Layer  3 : Brain (ICRP)
Layer Width =     3.E+07 A ;
  Layer # 3- Density = 10.41E22 atoms/cm3 = 1.03 g/cm3
  Layer # 3-  O = 27.5 Atomic Percent = 73.9 Mass Percent
  Layer # 3-  C = 6.23 Atomic Percent = 12.5 Mass Percent
  Layer # 3-  H = 65.4 Atomic Percent = 11.0 Mass Percent
  Layer # 3-  N = .565 Atomic Percent = 1.33 Mass Percent
  Layer # 3-  P = 6.72 Atomic Percent = .350 Mass Percent
  Layer # 3-  K = 4.71 Atomic Percent = .309 Mass Percent
  Layer # 3- Cl = 4.02 Atomic Percent = .240 Mass Percent
  Layer # 3- Na = 4.65 Atomic Percent = .179 Mass Percent
Layer  4 : Brain Tumour (ICRP brain comp.)
Layer Width =     2.E+07 A ;
  Layer # 4- Density = 10.62E22 atoms/cm3 = 1.05 g/cm3
  Layer # 4-  O = 27.5 Atomic Percent = 73.9 Mass Percent
  Layer # 4-  C = 6.23 Atomic Percent = 12.5 Mass Percent
  Layer # 4-  H = 65.4 Atomic Percent = 11.0 Mass Percent
  Layer # 4-  N = .565 Atomic Percent = 1.33 Mass Percent
  Layer # 4-  P = 6.72 Atomic Percent = .350 Mass Percent
  Layer # 4-  K = 4.71 Atomic Percent = .309 Mass Percent
  Layer # 4- Cl = 4.02 Atomic Percent = .240 Mass Percent
  Layer # 4- Na = 4.65 Atomic Percent = .179 Mass Percent
====================================================================
 Total Ions calculated =10000.00
 Total Target Vacancies     = 170 /Ion
 Total Target Displacements = 173 /Ion
 Total Target Replacement Collisions = 2 /Ion

!!!! NOTE : 2nd Column below is number of Primary Knock-Ons !!!!
           ( PKO are number of Target Atoms Recoiling from the Ion. )
==========================================================
  Table Units are  >>>> Vacancies/(Angstrom-Ion)  <<<<  
==========================================================
   TARGET    
   DEPTH          H            H            C            N            O            S           Cl           Na            K           Ca            P            H            C            N            O            S           Mg            O            C            H            N            P            K           Cl           Na            O            C            H            N            P            K           Cl           Na       
   (Ang.)     Knock-Ons    Vacancies    Vacancies    Vacancies    Vacancies    Vacancies    Vacancies    Vacancies    Vacancies    Vacancies    Vacancies    Vacancies    Vacancies    Vacancies    Vacancies    Vacancies    Vacancies    Vacancies    Vacancies    Vacancies    Vacancies    Vacancies    Vacancies    Vacancies    Vacancies    Vacancies    Vacancies    Vacancies    Vacancies    Vacancies    Vacancies    Vacancies    Vacancies   
-----------  -----------  -----------  -----------  -----------  -----------  -----------  -----------  -----------  -----------  -----------  -----------  -----------  -----------  -----------  -----------  -----------  -----------  -----------  -----------  -----------  -----------  -----------  -----------  -----------  -----------  -----------  -----------  -----------  -----------  -----------  -----------  -----------  -----------  
100000.E+01  1872.00E-10  2759.00E-10  5440.00E-11  1000.00E-11  1033.00E-10  3000.00E-13  3000.00E-13  1000.00E-13  0000.00E+00  0000.00E+00  0000.00E+00  0000.00E+00  0000.00E+00  0000.00E+00  0000.00E+00  0000.00E+00  0000.00E+00  0000.00E+00  0000.00E+00  0000.00E+00  0000.00E+00  0000.00E+00  0000.00E+00  0000.00E+00  0000.00E+00  0000.00E+00  0000.00E+00  0000.00E+00  0000.00E+00  0000.00E+00  0000.00E+00  0000.00E+00  0000.00E+00  
200000.E+01  2093.00E-10  3756.00E-10  7060.00E-11  1200.00E-11  1434.00E-10  5000.00E-13  4000.00E-13  3000.00E-13  1000.00E-13  0000.00E+00  0000.00E+00  0000.00E+00  0000.00E+00  0000.00E+00  0000.00E+00  0000.00E+00  0000.00E+00  0000.00E+00  0000.00E+00  0000.00E+00  0000.00E+00  0000.00E+00  0000.00E+00  0000.00E+00  0000.00E+00  0000.00E+00  0000.00E+00  0000.00E+00  0000.00E+00  0000.00E+00  0000.00E+00  0000.00E+00  0000.00E+00  
300000.E+01  2029.00E-10  3494.00E-10  6280.00E-11  9700.00E-12  1209.00E-10  4000.00E-13  8000.00E-13  6000.00E-13  2000.00E-13  0000.00E+00  0000.00E+00  0000.00E+00  0000.00E+00  0000.00E+00  0000.00E+00  0000.00E+00  0000.00E+00  0000.00E+00  0000.00E+00  0000.00E+00  0000.00E+00  0000.00E+00  0000.00E+00  0000.00E+00  0000.00E+00  0000.00E+00  0000.00E+00  0000.00E+00  0000.00E+00  0000.00E+00  0000.00E+00  0000.00E+00  0000.00E+00  
400000.E+01  2103.00E-10  3557.00E-10  6170.00E-11  1230.00E-11  1312.00E-10  5000.00E-13  1000.00E-13  5000.00E-13  0000.00E+00  0000.00E+00  0000.00E+00  0000.00E+00  0000.00E+00  0000.00E+00  0000.00E+00  0000.00E+00  0000.00E+00  0000.00E+00  0000.00E+00  0000.00E+00  0000.00E+00  0000.00E+00  0000.00E+00  0000.00E+00  0000.00E+00  0000.00E+00  0000.00E+00  0000.00E+00  0000.00E+00  0000.00E+00  0000.00E+00  0000.00E+00  0000.00E+00  
500000.E+01  2088.00E-10  4278.00E-10  7680.00E-11  1190.00E-11  1546.00E-10  4000.00E-13  5000.00E-13  7000.00E-13  1000.00E-13  0000.00E+00  0000.00E+00  0000.00E+00  0000.00E+00  0000.00E+00  0000.00E+00  0000.00E+00  0000.00E+00  0000.00E+00  0000.00E+00  0000.00E+00  0000.00E+00  0000.00E+00  0000.00E+00  0000.00E+00  0000.00E+00  0000.00E+00  0000.00E+00  0000.00E+00  0000.00E+00  0000.00E+00  0000.00E+00  0000.00E+00  0000.00E+00  
600000.E+01  2163.00E-10  3858.00E-10  7050.00E-11  1130.00E-11  1507.00E-10  4000.00E-13  8000.00E-13  2000.00E-13  1000.00E-13  0000.00E+00  0000.00E+00  0000.00E+00  0000.00E+00  0000.00E+00  0000.00E+00  0000.00E+00  0000.00E+00  0000.00E+00  0000.00E+00  0000.00E+00  0000.00E+00  0000.00E+00  0000.00E+00  0000.00E+00  0000.00E+00  0000.00E+00  0000.00E+00  0000.00E+00  0000.00E+00  0000.00E+00  0000.00E+00  0000.00E+00  0000.00E+00  
700000.E+01  2123.00E-10  3232.00E-10  6140.00E-11  9800.00E-12  1189.00E-10  3000.00E-13  3000.00E-13  4000.00E-13  2000.00E-13  0000.00E+00  0000.00E+00  0000.00E+00  0000.00E+00  0000.00E+00  0000.00E+00  0000.00E+00  0000.00E+00  0000.00E+00  0000.00E+00  0000.00E+00  0000.00E+00  0000.00E+00  0000.00E+00  0000.00E+00  0000.00E+00  0000.00E+00  0000.00E+00  0000.00E+00  0000.00E+00  0000.00E+00  0000.00E+00  0000.00E+00  0000.00E+00  
800000.E+01  2220.00E-10  3897.00E-10  7170.00E-11  1310.00E-11  1415.00E-10  8000.00E-13  1100.00E-12  4000.00E-13  0000.00E+00  0000.00E+00  0000.00E+00  0000.00E+00  0000.00E+00  0000.00E+00  0000.00E+00  0000.00E+00  0000.00E+00  0000.00E+00  0000.00E+00  0000.00E+00  0000.00E+00  0000.00E+00  0000.00E+00  0000.00E+00  0000.00E+00  0000.00E+00  0000.00E+00  0000.00E+00  0000.00E+00  0000.00E+00  0000.00E+00  0000.00E+00  0000.00E+00  
900000.E+01  2182.00E-10  3679.00E-10  7120.00E-11  1310.00E-11  1402.00E-10  7000.00E-13  1000.00E-13  8000.00E-13  5000.00E-13  0000.00E+00  0000.00E+00  0000.00E+00  0000.00E+00  0000.00E+00  0000.00E+00  0000.00E+00  0000.00E+00  0000.00E+00  0000.00E+00  0000.00E+00  0000.00E+00  0000.00E+00  0000.00E+00  0000.00E+00  0000.00E+00  0000.00E+00  0000.00E+00  0000.00E+00  0000.00E+00  0000.00E+00  0000.00E+00  0000.00E+00  0000.00E+00  
100000.E+02  2412.00E-10  5158.00E-10  9200.00E-11  1620.00E-11  1840.00E-10  1100.00E-12  6000.00E-13  6000.00E-13  4000.00E-13  0000.00E+00  0000.00E+00  0000.00E+00  0000.00E+00  0000.00E+00  0000.00E+00  0000.00E+00  0000.00E+00  0000.00E+00  0000.00E+00  0000.00E+00  0000.00E+00  0000.00E+00  0000.00E+00  0000.00E+00  0000.00E+00  0000.00E+00  0000.00E+00  0000.00E+00  0000.00E+00  0000.00E+00  0000.00E+00  0000.00E+00  0000.00E+00  
110000.E+02  2315.00E-10  0000.00E+00  0000.00E+00  0000.00E+00  0000.00E+00  0000.00E+00  0000.00E+00  0000.00E+00  0000.00E+00  1028.00E-10  5610.00E-11  3265.00E-10  1262.00E-10  3420.00E-11  3113.00E-10  8000.00E-13  1200.00E-12  0000.00E+00  0000.00E+00  0000.00E+00  0000.00E+00  0000.00E+00  0000.00E+00  0000.00E+00  0000.00E+00  0000.00E+00  0000.00E+00  0000.00E+00  0000.00E+00  0000.00E+00  0000.00E+00  0000.00E+00  0000.00E+00  
120000.E+02  2727.00E-10  0000.00E+00  0000.00E+00  0000.00E+00  0000.00E+00  0000.00E+00  0000.00E+00  0000.00E+00  0000.00E+00  9340.00E-11  4760.00E-11  2651.00E-10  1147.00E-10  2760.00E-11  2756.00E-10  1300.00E-12  7000.00E-13  0000.00E+00  0000.00E+00  0000.00E+00  0000.00E+00  0000.00E+00  0000.00E+00  0000.00E+00  0000.00E+00  0000.00E+00  0000.00E+00  0000.00E+00  0000.00E+00  0000.00E+00  0000.00E+00  0000.00E+00  0000.00E+00  
130000.E+02  2732.00E-10  0000.00E+00  0000.00E+00  0000.00E+00  0000.00E+00  0000.00E+00  0000.00E+00  0000.00E+00  0000.00E+00  1073.00E-10  5750.00E-11  3155.00E-10  1229.00E-10  3390.00E-11  3061.00E-10  1000.00E-12  8000.00E-13  0000.00E+00  0000.00E+00  0000.00E+00  0000.00E+00  0000.00E+00  0000.00E+00  0000.00E+00  0000.00E+00  0000.00E+00  0000.00E+00  0000.00E+00  0000.00E+00  0000.00E+00  0000.00E+00  0000.00E+00  0000.00E+00  
140000.E+02  2730.00E-10  0000.00E+00  0000.00E+00  0000.00E+00  0000.00E+00  0000.00E+00  0000.00E+00  0000.00E+00  0000.00E+00  1039.00E-10  5610.00E-11  3277.00E-10  1253.00E-10  3260.00E-11  3083.00E-10  1200.00E-12  9000.00E-13  0000.00E+00  0000.00E+00  0000.00E+00  0000.00E+00  0000.00E+00  0000.00E+00  0000.00E+00  0000.00E+00  0000.00E+00  0000.00E+00  0000.00E+00  0000.00E+00  0000.00E+00  0000.00E+00  0000.00E+00  0000.00E+00  
150000.E+02  2769.00E-10  0000.00E+00  0000.00E+00  0000.00E+00  0000.00E+00  0000.00E+00  0000.00E+00  0000.00E+00  0000.00E+00  9910.00E-11  4780.00E-11  2803.00E-10  1159.00E-10  3150.00E-11  2751.00E-10  1800.00E-12  1100.00E-12  0000.00E+00  0000.00E+00  0000.00E+00  0000.00E+00  0000.00E+00  0000.00E+00  0000.00E+00  0000.00E+00  0000.00E+00  0000.00E+00  0000.00E+00  0000.00E+00  0000.00E+00  0000.00E+00  0000.00E+00  0000.00E+00  
160000.E+02  2764.00E-10  0000.00E+00  0000.00E+00  0000.00E+00  0000.00E+00  0000.00E+00  0000.00E+00  0000.00E+00  0000.00E+00  1031.00E-10  5600.00E-11  3069.00E-10  1258.00E-10  3100.00E-11  3113.00E-10  1600.00E-12  1100.00E-12  0000.00E+00  0000.00E+00  0000.00E+00  0000.00E+00  0000.00E+00  0000.00E+00  0000.00E+00  0000.00E+00  0000.00E+00  0000.00E+00  0000.00E+00  0000.00E+00  0000.00E+00  0000.00E+00  0000.00E+00  0000.00E+00  
170000.E+02  2795.00E-10  0000.00E+00  0000.00E+00  0000.00E+00  0000.00E+00  0000.00E+00  0000.00E+00  0000.00E+00  0000.00E+00  8940.00E-11  4510.00E-11  2560.00E-10  1078.00E-10  2730.00E-11  2639.00E-10  1300.00E-12  1100.00E-12  0000.00E+00  0000.00E+00  0000.00E+00  0000.00E+00  0000.00E+00  0000.00E+00  0000.00E+00  0000.00E+00  0000.00E+00  0000.00E+00  0000.00E+00  0000.00E+00  0000.00E+00  0000.00E+00  0000.00E+00  0000.00E+00  
180000.E+02  2757.00E-10  0000.00E+00  0000.00E+00  0000.00E+00  0000.00E+00  0000.00E+00  0000.00E+00  0000.00E+00  0000.00E+00  9970.00E-11  5150.00E-11  2837.00E-10  1222.00E-10  3090.00E-11  2864.00E-10  1800.00E-12  1800.00E-12  0000.00E+00  0000.00E+00  0000.00E+00  0000.00E+00  0000.00E+00  0000.00E+00  0000.00E+00  0000.00E+00  0000.00E+00  0000.00E+00  0000.00E+00  0000.00E+00  0000.00E+00  0000.00E+00  0000.00E+00  0000.00E+00  
190000.E+02  2794.00E-10  0000.00E+00  0000.00E+00  0000.00E+00  0000.00E+00  0000.00E+00  0000.00E+00  0000.00E+00  0000.00E+00  9260.00E-11  5660.00E-11  2825.00E-10  1174.00E-10  3030.00E-11  2765.00E-10  1900.00E-12  1200.00E-12  0000.00E+00  0000.00E+00  0000.00E+00  0000.00E+00  0000.00E+00  0000.00E+00  0000.00E+00  0000.00E+00  0000.00E+00  0000.00E+00  0000.00E+00  0000.00E+00  0000.00E+00  0000.00E+00  0000.00E+00  0000.00E+00  
200000.E+02  2806.00E-10  0000.00E+00  0000.00E+00  0000.00E+00  0000.00E+00  0000.00E+00  0000.00E+00  0000.00E+00  0000.00E+00  1004.00E-10  5140.00E-11  2922.00E-10  1220.00E-10  3090.00E-11  2844.00E-10  1600.00E-12  1200.00E-12  0000.00E+00  0000.00E+00  0000.00E+00  0000.00E+00  0000.00E+00  0000.00E+00  0000.00E+00  0000.00E+00  0000.00E+00  0000.00E+00  0000.00E+00  0000.00E+00  0000.00E+00  0000.00E+00  0000.00E+00  0000.00E+00  
210000.E+02  2880.00E-10  0000.00E+00  0000.00E+00  0000.00E+00  0000.00E+00  0000.00E+00  0000.00E+00  0000.00E+00  0000.00E+00  9310.00E-11  4690.00E-11  2594.00E-10  1083.00E-10  2730.00E-11  2515.00E-10  1000.00E-12  4000.00E-13  0000.00E+00  0000.00E+00  0000.00E+00  0000.00E+00  0000.00E+00  0000.00E+00  0000.00E+00  0000.00E+00  0000.00E+00  0000.00E+00  0000.00E+00  0000.00E+00  0000.00E+00  0000.00E+00  0000.00E+00  0000.00E+00  
220000.E+02  2937.00E-10  0000.00E+00  0000.00E+00  0000.00E+00  0000.00E+00  0000.00E+00  0000.00E+00  0000.00E+00  0000.00E+00  1147.00E-10  6010.00E-11  3219.00E-10  1353.00E-10  3650.00E-11  3181.00E-10  1500.00E-12  1800.00E-12  0000.00E+00  0000.00E+00  0000.00E+00  0000.00E+00  0000.00E+00  0000.00E+00  0000.00E+00  0000.00E+00  0000.00E+00  0000.00E+00  0000.00E+00  0000.00E+00  0000.00E+00  0000.00E+00  0000.00E+00  0000.00E+00  
230000.E+02  3013.00E-10  0000.00E+00  0000.00E+00  0000.00E+00  0000.00E+00  0000.00E+00  0000.00E+00  0000.00E+00  0000.00E+00  1598.00E-10  8660.00E-11  5646.00E-10  2278.00E-10  5270.00E-11  5288.00E-10  3400.00E-12  2400.00E-12  0000.00E+00  0000.00E+00  0000.00E+00  0000.00E+00  0000.00E+00  0000.00E+00  0000.00E+00  0000.00E+00  0000.00E+00  0000.00E+00  0000.00E+00  0000.00E+00  0000.00E+00  0000.00E+00  0000.00E+00  0000.00E+00  
240000.E+02  3036.00E-10  0000.00E+00  0000.00E+00  0000.00E+00  0000.00E+00  0000.00E+00  0000.00E+00  0000.00E+00  0000.00E+00  1383.00E-10  7540.00E-11  4694.00E-10  1853.00E-10  4550.00E-11  4447.00E-10  2500.00E-12  1300.00E-12  0000.00E+00  0000.00E+00  0000.00E+00  0000.00E+00  0000.00E+00  0000.00E+00  0000.00E+00  0000.00E+00  0000.00E+00  0000.00E+00  0000.00E+00  0000.00E+00  0000.00E+00  0000.00E+00  0000.00E+00  0000.00E+00  
250000.E+02  2970.00E-10  0000.00E+00  0000.00E+00  0000.00E+00  0000.00E+00  0000.00E+00  0000.00E+00  0000.00E+00  0000.00E+00  1165.00E-10  6250.00E-11  3629.00E-10  1500.00E-10  3590.00E-11  3515.00E-10  2000.00E-12  1100.00E-12  0000.00E+00  0000.00E+00  0000.00E+00  0000.00E+00  0000.00E+00  0000.00E+00  0000.00E+00  0000.00E+00  0000.00E+00  0000.00E+00  0000.00E+00  0000.00E+00  0000.00E+00  0000.00E+00  0000.00E+00  0000.00E+00  
260000.E+02  3015.00E-10  0000.00E+00  0000.00E+00  0000.00E+00  0000.00E+00  0000.00E+00  0000.00E+00  0000.00E+00  0000.00E+00  1167.00E-10  5820.00E-11  3670.00E-10  1481.00E-10  3440.00E-11  3462.00E-10  2200.00E-12  1700.00E-12  0000.00E+00  0000.00E+00  0000.00E+00  0000.00E+00  0000.00E+00  0000.00E+00  0000.00E+00  0000.00E+00  0000.00E+00  0000.00E+00  0000.00E+00  0000.00E+00  0000.00E+00  0000.00E+00  0000.00E+00  0000.00E+00  
270000.E+02  3031.00E-10  0000.00E+00  0000.00E+00  0000.00E+00  0000.00E+00  0000.00E+00  0000.00E+00  0000.00E+00  0000.00E+00  1048.00E-10  6150.00E-11  3251.00E-10  1376.00E-10  3460.00E-11  3271.00E-10  1700.00E-12  1100.00E-12  0000.00E+00  0000.00E+00  0000.00E+00  0000.00E+00  0000.00E+00  0000.00E+00  0000.00E+00  0000.00E+00  0000.00E+00  0000.00E+00  0000.00E+00  0000.00E+00  0000.00E+00  0000.00E+00  0000.00E+00  0000.00E+00  
280000.E+02  3072.00E-10  0000.00E+00  0000.00E+00  0000.00E+00  0000.00E+00  0000.00E+00  0000.00E+00  0000.00E+00  0000.00E+00  1015.00E-10  5030.00E-11  2818.00E-10  1148.00E-10  2630.00E-11  2876.00E-10  1200.00E-12  9000.00E-13  0000.00E+00  0000.00E+00  0000.00E+00  0000.00E+00  0000.00E+00  0000.00E+00  0000.00E+00  0000.00E+00  0000.00E+00  0000.00E+00  0000.00E+00  0000.00E+00  0000.00E+00  0000.00E+00  0000.00E+00  0000.00E+00  
290000.E+02  3158.00E-10  0000.00E+00  0000.00E+00  0000.00E+00  0000.00E+00  0000.00E+00  0000.00E+00  0000.00E+00  0000.00E+00  1571.00E-10  8650.00E-11  5674.00E-10  2204.00E-10  5260.00E-11  5246.00E-10  3000.00E-12  1900.00E-12  0000.00E+00  0000.00E+00  0000.00E+00  0000.00E+00  0000.00E+00  0000.00E+00  0000.00E+00  0000.00E+00  0000.00E+00  0000.00E+00  0000.00E+00  0000.00E+00  0000.00E+00  0000.00E+00  0000.00E+00  0000.00E+00  
300000.E+02  3272.00E-10  0000.00E+00  0000.00E+00  0000.00E+00  0000.00E+00  0000.00E+00  0000.00E+00  0000.00E+00  0000.00E+00  1249.00E-10  6500.00E-11  3901.00E-10  1549.00E-10  3790.00E-11  3816.00E-10  1900.00E-12  1200.00E-12  0000.00E+00  0000.00E+00  0000.00E+00  0000.00E+00  0000.00E+00  0000.00E+00  0000.00E+00  0000.00E+00  0000.00E+00  0000.00E+00  0000.00E+00  0000.00E+00  0000.00E+00  0000.00E+00  0000.00E+00  0000.00E+00  
310000.E+02  3229.00E-10  0000.00E+00  0000.00E+00  0000.00E+00  0000.00E+00  0000.00E+00  0000.00E+00  0000.00E+00  0000.00E+00  1173.00E-10  5920.00E-11  3411.00E-10  1443.00E-10  3650.00E-11  3322.00E-10  1600.00E-12  4000.00E-13  0000.00E+00  0000.00E+00  0000.00E+00  0000.00E+00  0000.00E+00  0000.00E+00  0000.00E+00  0000.00E+00  0000.00E+00  0000.00E+00  0000.00E+00  0000.00E+00  0000.00E+00  0000.00E+00  0000.00E+00  0000.00E+00  
320000.E+02  3303.00E-10  0000.00E+00  0000.00E+00  0000.00E+00  0000.00E+00  0000.00E+00  0000.00E+00  0000.00E+00  0000.00E+00  1296.00E-10  6130.00E-11  3759.00E-10  1507.00E-10  3880.00E-11  3743.00E-10  1500.00E-12  1200.00E-12  0000.00E+00  0000.00E+00  0000.00E+00  0000.00E+00  0000.00E+00  0000.00E+00  0000.00E+00  0000.00E+00  0000.00E+00  0000.00E+00  0000.00E+00  0000.00E+00  0000.00E+00  0000.00E+00  0000.00E+00  0000.00E+00  
330000.E+02  3224.00E-10  0000.00E+00  0000.00E+00  0000.00E+00  0000.00E+00  0000.00E+00  0000.00E+00  0000.00E+00  0000.00E+00  1229.00E-10  6130.00E-11  3456.00E-10  1491.00E-10  3640.00E-11  3547.00E-10  1800.00E-12  2300.00E-12  0000.00E+00  0000.00E+00  0000.00E+00  0000.00E+00  0000.00E+00  0000.00E+00  0000.00E+00  0000.00E+00  0000.00E+00  0000.00E+00  0000.00E+00  0000.00E+00  0000.00E+00  0000.00E+00  0000.00E+00  0000.00E+00  
340000.E+02  3353.00E-10  0000.00E+00  0000.00E+00  0000.00E+00  0000.00E+00  0000.00E+00  0000.00E+00  0000.00E+00  0000.00E+00  1264.00E-10  6550.00E-11  3733.00E-10  1553.00E-10  3780.00E-11  3553.00E-10  1800.00E-12  1600.00E-12  0000.00E+00  0000.00E+00  0000.00E+00  0000.00E+00  0000.00E+00  0000.00E+00  0000.00E+00  0000.00E+00  0000.00E+00  0000.00E+00  0000.00E+00  0000.00E+00  0000.00E+00  0000.00E+00  0000.00E+00  0000.00E+00  
350000.E+02  3341.00E-10  0000.00E+00  0000.00E+00  0000.00E+00  0000.00E+00  0000.00E+00  0000.00E+00  0000.00E+00  0000.00E+00  1383.00E-10  7690.00E-11  4399.00E-10  1840.00E-10  4400.00E-11  4284.00E-10  2200.00E-12  1600.00E-12  0000.00E+00  0000.00E+00  0000.00E+00  0000.00E+00  0000.00E+00  0000.00E+00  0000.00E+00  0000.00E+00  0000.00E+00  0000.00E+00  0000.00E+00  0000.00E+00  0000.00E+00  0000.00E+00  0000.00E+00  0000.00E+00  
360000.E+02  3517.00E-10  0000.00E+00  0000.00E+00  0000.00E+00  0000.00E+00  0000.00E+00  0000.00E+00  0000.00E+00  0000.00E+00  1192.00E-10  5980.00E-11  3450.00E-10  1426.00E-10  3290.00E-11  3351.00E-10  7000.00E-13  1000.00E-12  0000.00E+00  0000.00E+00  0000.00E+00  0000.00E+00  0000.00E+00  0000.00E+00  0000.00E+00  0000.00E+00  0000.00E+00  0000.00E+00  0000.00E+00  0000.00E+00  0000.00E+00  0000.00E+00  0000.00E+00  0000.00E+00  
370000.E+02  3389.00E-10  0000.00E+00  0000.00E+00  0000.00E+00  0000.00E+00  0000.00E+00  0000.00E+00  0000.00E+00  0000.00E+00  1242.00E-10  6440.00E-11  3698.00E-10  1504.00E-10  4030.00E-11  3684.00E-10  2400.00E-12  1100.00E-12  0000.00E+00  0000.00E+00  0000.00E+00  0000.00E+00  0000.00E+00  0000.00E+00  0000.00E+00  0000.00E+00  0000.00E+00  0000.00E+00  0000.00E+00  0000.00E+00  0000.00E+00  0000.00E+00  0000.00E+00  0000.00E+00  
380000.E+02  3429.00E-10  0000.00E+00  0000.00E+00  0000.00E+00  0000.00E+00  0000.00E+00  0000.00E+00  0000.00E+00  0000.00E+00  1175.00E-10  6250.00E-11  3383.00E-10  1459.00E-10  3440.00E-11  3423.00E-10  1700.00E-12  1100.00E-12  0000.00E+00  0000.00E+00  0000.00E+00  0000.00E+00  0000.00E+00  0000.00E+00  0000.00E+00  0000.00E+00  0000.00E+00  0000.00E+00  0000.00E+00  0000.00E+00  0000.00E+00  0000.00E+00  0000.00E+00  0000.00E+00  
390000.E+02  3515.00E-10  0000.00E+00  0000.00E+00  0000.00E+00  0000.00E+00  0000.00E+00  0000.00E+00  0000.00E+00  0000.00E+00  1163.00E-10  6520.00E-11  3493.00E-10  1508.00E-10  3570.00E-11  3479.00E-10  2200.00E-12  1800.00E-12  0000.00E+00  0000.00E+00  0000.00E+00  0000.00E+00  0000.00E+00  0000.00E+00  0000.00E+00  0000.00E+00  0000.00E+00  0000.00E+00  0000.00E+00  0000.00E+00  0000.00E+00  0000.00E+00  0000.00E+00  0000.00E+00  
400000.E+02  3604.00E-10  0000.00E+00  0000.00E+00  0000.00E+00  0000.00E+00  0000.00E+00  0000.00E+00  0000.00E+00  0000.00E+00  1242.00E-10  6490.00E-11  3500.00E-10  1468.00E-10  3470.00E-11  3570.00E-10  1700.00E-12  1100.00E-12  0000.00E+00  0000.00E+00  0000.00E+00  0000.00E+00  0000.00E+00  0000.00E+00  0000.00E+00  0000.00E+00  0000.00E+00  0000.00E+00  0000.00E+00  0000.00E+00  0000.00E+00  0000.00E+00  0000.00E+00  0000.00E+00  
410000.E+02  3646.00E-10  0000.00E+00  0000.00E+00  0000.00E+00  0000.00E+00  0000.00E+00  0000.00E+00  0000.00E+00  0000.00E+00  1259.00E-10  6250.00E-11  3530.00E-10  1506.00E-10  3590.00E-11  3632.00E-10  1600.00E-12  1900.00E-12  0000.00E+00  0000.00E+00  0000.00E+00  0000.00E+00  0000.00E+00  0000.00E+00  0000.00E+00  0000.00E+00  0000.00E+00  0000.00E+00  0000.00E+00  0000.00E+00  0000.00E+00  0000.00E+00  0000.00E+00  0000.00E+00  
420000.E+02  3766.00E-10  0000.00E+00  0000.00E+00  0000.00E+00  0000.00E+00  0000.00E+00  0000.00E+00  0000.00E+00  0000.00E+00  1256.00E-10  6490.00E-11  3518.00E-10  1435.00E-10  3490.00E-11  3503.00E-10  1500.00E-12  8000.00E-13  0000.00E+00  0000.00E+00  0000.00E+00  0000.00E+00  0000.00E+00  0000.00E+00  0000.00E+00  0000.00E+00  0000.00E+00  0000.00E+00  0000.00E+00  0000.00E+00  0000.00E+00  0000.00E+00  0000.00E+00  0000.00E+00  
430000.E+02  3722.00E-10  0000.00E+00  0000.00E+00  0000.00E+00  0000.00E+00  0000.00E+00  0000.00E+00  0000.00E+00  0000.00E+00  1254.00E-10  7170.00E-11  3819.00E-10  1651.00E-10  4070.00E-11  3802.00E-10  2800.00E-12  1500.00E-12  0000.00E+00  0000.00E+00  0000.00E+00  0000.00E+00  0000.00E+00  0000.00E+00  0000.00E+00  0000.00E+00  0000.00E+00  0000.00E+00  0000.00E+00  0000.00E+00  0000.00E+00  0000.00E+00  0000.00E+00  0000.00E+00  
440000.E+02  3865.00E-10  0000.00E+00  0000.00E+00  0000.00E+00  0000.00E+00  0000.00E+00  0000.00E+00  0000.00E+00  0000.00E+00  1715.00E-10  8480.00E-11  5358.00E-10  2127.00E-10  5160.00E-11  5230.00E-10  2100.00E-12  2500.00E-12  0000.00E+00  0000.00E+00  0000.00E+00  0000.00E+00  0000.00E+00  0000.00E+00  0000.00E+00  0000.00E+00  0000.00E+00  0000.00E+00  0000.00E+00  0000.00E+00  0000.00E+00  0000.00E+00  0000.00E+00  0000.00E+00  
450000.E+02  3810.00E-10  0000.00E+00  0000.00E+00  0000.00E+00  0000.00E+00  0000.00E+00  0000.00E+00  0000.00E+00  0000.00E+00  1316.00E-10  6500.00E-11  3823.00E-10  1624.00E-10  3860.00E-11  3786.00E-10  1500.00E-12  2000.00E-12  0000.00E+00  0000.00E+00  0000.00E+00  0000.00E+00  0000.00E+00  0000.00E+00  0000.00E+00  0000.00E+00  0000.00E+00  0000.00E+00  0000.00E+00  0000.00E+00  0000.00E+00  0000.00E+00  0000.00E+00  0000.00E+00  
460000.E+02  3955.00E-10  0000.00E+00  0000.00E+00  0000.00E+00  0000.00E+00  0000.00E+00  0000.00E+00  0000.00E+00  0000.00E+00  1658.00E-10  8080.00E-11  4886.00E-10  2034.00E-10  4870.00E-11  4838.00E-10  2600.00E-12  2300.00E-12  0000.00E+00  0000.00E+00  0000.00E+00  0000.00E+00  0000.00E+00  0000.00E+00  0000.00E+00  0000.00E+00  0000.00E+00  0000.00E+00  0000.00E+00  0000.00E+00  0000.00E+00  0000.00E+00  0000.00E+00  0000.00E+00  
470000.E+02  4048.00E-10  0000.00E+00  0000.00E+00  0000.00E+00  0000.00E+00  0000.00E+00  0000.00E+00  0000.00E+00  0000.00E+00  1558.00E-10  7640.00E-11  4576.00E-10  1903.00E-10  4860.00E-11  4406.00E-10  1600.00E-12  2000.00E-12  0000.00E+00  0000.00E+00  0000.00E+00  0000.00E+00  0000.00E+00  0000.00E+00  0000.00E+00  0000.00E+00  0000.00E+00  0000.00E+00  0000.00E+00  0000.00E+00  0000.00E+00  0000.00E+00  0000.00E+00  0000.00E+00  
480000.E+02  4103.00E-10  0000.00E+00  0000.00E+00  0000.00E+00  0000.00E+00  0000.00E+00  0000.00E+00  0000.00E+00  0000.00E+00  1387.00E-10  6700.00E-11  3807.00E-10  1541.00E-10  3860.00E-11  3828.00E-10  2100.00E-12  1200.00E-12  0000.00E+00  0000.00E+00  0000.00E+00  0000.00E+00  0000.00E+00  0000.00E+00  0000.00E+00  0000.00E+00  0000.00E+00  0000.00E+00  0000.00E+00  0000.00E+00  0000.00E+00  0000.00E+00  0000.00E+00  0000.00E+00  
490000.E+02  4059.00E-10  0000.00E+00  0000.00E+00  0000.00E+00  0000.00E+00  0000.00E+00  0000.00E+00  0000.00E+00  0000.00E+00  1613.00E-10  8290.00E-11  5058.00E-10  2032.00E-10  5080.00E-11  4910.00E-10  1900.00E-12  2500.00E-12  0000.00E+00  0000.00E+00  0000.00E+00  0000.00E+00  0000.00E+00  0000.00E+00  0000.00E+00  0000.00E+00  0000.00E+00  0000.00E+00  0000.00E+00  0000.00E+00  0000.00E+00  0000.00E+00  0000.00E+00  0000.00E+00  
500000.E+02  4491.00E-10  0000.00E+00  0000.00E+00  0000.00E+00  0000.00E+00  0000.00E+00  0000.00E+00  0000.00E+00  0000.00E+00  1498.00E-10  7730.00E-11  3995.00E-10  1709.00E-10  4180.00E-11  4026.00E-10  3100.00E-12  2500.00E-12  0000.00E+00  0000.00E+00  0000.00E+00  0000.00E+00  0000.00E+00  0000.00E+00  0000.00E+00  0000.00E+00  0000.00E+00  0000.00E+00  0000.00E+00  0000.00E+00  0000.00E+00  0000.00E+00  0000.00E+00  0000.00E+00  
510000.E+02  3034.00E-10  0000.00E+00  0000.00E+00  0000.00E+00  0000.00E+00  0000.00E+00  0000.00E+00  0000.00E+00  0000.00E+00  0000.00E+00  0000.00E+00  0000.00E+00  0000.00E+00  0000.00E+00  0000.00E+00  0000.00E+00  0000.00E+00  2240.00E-10  4550.00E-11  5312.00E-10  6000.00E-12  7000.00E-13  8000.00E-13  9000.00E-13  7000.00E-13  0000.00E+00  0000.00E+00  0000.00E+00  0000.00E+00  0000.00E+00  0000.00E+00  0000.00E+00  0000.00E+00  
520000.E+02  3611.00E-10  0000.00E+00  0000.00E+00  0000.00E+00  0000.00E+00  0000.00E+00  0000.00E+00  0000.00E+00  0000.00E+00  0000.00E+00  0000.00E+00  0000.00E+00  0000.00E+00  0000.00E+00  0000.00E+00  0000.00E+00  0000.00E+00  2319.00E-10  4330.00E-11  5340.00E-10  4600.00E-12  1400.00E-12  7000.00E-13  8000.00E-13  6000.00E-13  0000.00E+00  0000.00E+00  0000.00E+00  0000.00E+00  0000.00E+00  0000.00E+00  0000.00E+00  0000.00E+00  
530000.E+02  3606.00E-10  0000.00E+00  0000.00E+00  0000.00E+00  0000.00E+00  0000.00E+00  0000.00E+00  0000.00E+00  0000.00E+00  0000.00E+00  0000.00E+00  0000.00E+00  0000.00E+00  0000.00E+00  0000.00E+00  0000.00E+00  0000.00E+00  3444.00E-10  7080.00E-11  8433.00E-10  8100.00E-12  1300.00E-12  1200.00E-12  6000.00E-13  1100.00E-12  0000.00E+00  0000.00E+00  0000.00E+00  0000.00E+00  0000.00E+00  0000.00E+00  0000.00E+00  0000.00E+00  
540000.E+02  3656.00E-10  0000.00E+00  0000.00E+00  0000.00E+00  0000.00E+00  0000.00E+00  0000.00E+00  0000.00E+00  0000.00E+00  0000.00E+00  0000.00E+00  0000.00E+00  0000.00E+00  0000.00E+00  0000.00E+00  0000.00E+00  0000.00E+00  2712.00E-10  5430.00E-11  6444.00E-10  3900.00E-12  1400.00E-12  1000.00E-12  9000.00E-13  8000.00E-13  0000.00E+00  0000.00E+00  0000.00E+00  0000.00E+00  0000.00E+00  0000.00E+00  0000.00E+00  0000.00E+00  
550000.E+02  3738.00E-10  0000.00E+00  0000.00E+00  0000.00E+00  0000.00E+00  0000.00E+00  0000.00E+00  0000.00E+00  0000.00E+00  0000.00E+00  0000.00E+00  0000.00E+00  0000.00E+00  0000.00E+00  0000.00E+00  0000.00E+00  0000.00E+00  2648.00E-10  5470.00E-11  6593.00E-10  6700.00E-12  1100.00E-12  1500.00E-12  5000.00E-13  4000.00E-13  0000.00E+00  0000.00E+00  0000.00E+00  0000.00E+00  0000.00E+00  0000.00E+00  0000.00E+00  0000.00E+00  
560000.E+02  3800.00E-10  0000.00E+00  0000.00E+00  0000.00E+00  0000.00E+00  0000.00E+00  0000.00E+00  0000.00E+00  0000.00E+00  0000.00E+00  0000.00E+00  0000.00E+00  0000.00E+00  0000.00E+00  0000.00E+00  0000.00E+00  0000.00E+00  2891.00E-10  5480.00E-11  6553.00E-10  5400.00E-12  1500.00E-12  7000.00E-13  7000.00E-13  6000.00E-13  0000.00E+00  0000.00E+00  0000.00E+00  0000.00E+00  0000.00E+00  0000.00E+00  0000.00E+00  0000.00E+00  
570000.E+02  3760.00E-10  0000.00E+00  0000.00E+00  0000.00E+00  0000.00E+00  0000.00E+00  0000.00E+00  0000.00E+00  0000.00E+00  0000.00E+00  0000.00E+00  0000.00E+00  0000.00E+00  0000.00E+00  0000.00E+00  0000.00E+00  0000.00E+00  2990.00E-10  6270.00E-11  6732.00E-10  6500.00E-12  1200.00E-12  1500.00E-12  6000.00E-13  6000.00E-13  0000.00E+00  0000.00E+00  0000.00E+00  0000.00E+00  0000.00E+00  0000.00E+00  0000.00E+00  0000.00E+00  
580000.E+02  3852.00E-10  0000.00E+00  0000.00E+00  0000.00E+00  0000.00E+00  0000.00E+00  0000.00E+00  0000.00E+00  0000.00E+00  0000.00E+00  0000.00E+00  0000.00E+00  0000.00E+00  0000.00E+00  0000.00E+00  0000.00E+00  0000.00E+00  2874.00E-10  5610.00E-11  6684.00E-10  5500.00E-12  8000.00E-13  6000.00E-13  6000.00E-13  1000.00E-12  0000.00E+00  0000.00E+00  0000.00E+00  0000.00E+00  0000.00E+00  0000.00E+00  0000.00E+00  0000.00E+00  
590000.E+02  3974.00E-10  0000.00E+00  0000.00E+00  0000.00E+00  0000.00E+00  0000.00E+00  0000.00E+00  0000.00E+00  0000.00E+00  0000.00E+00  0000.00E+00  0000.00E+00  0000.00E+00  0000.00E+00  0000.00E+00  0000.00E+00  0000.00E+00  3100.00E-10  6470.00E-11  7478.00E-10  6900.00E-12  1100.00E-12  1000.00E-12  5000.00E-13  5000.00E-13  0000.00E+00  0000.00E+00  0000.00E+00  0000.00E+00  0000.00E+00  0000.00E+00  0000.00E+00  0000.00E+00  
600000.E+02  3993.00E-10  0000.00E+00  0000.00E+00  0000.00E+00  0000.00E+00  0000.00E+00  0000.00E+00  0000.00E+00  0000.00E+00  0000.00E+00  0000.00E+00  0000.00E+00  0000.00E+00  0000.00E+00  0000.00E+00  0000.00E+00  0000.00E+00  2827.00E-10  5480.00E-11  6518.00E-10  6400.00E-12  7000.00E-13  1400.00E-12  1500.00E-12  4000.00E-13  0000.00E+00  0000.00E+00  0000.00E+00  0000.00E+00  0000.00E+00  0000.00E+00  0000.00E+00  0000.00E+00  
610000.E+02  4028.00E-10  0000.00E+00  0000.00E+00  0000.00E+00  0000.00E+00  0000.00E+00  0000.00E+00  0000.00E+00  0000.00E+00  0000.00E+00  0000.00E+00  0000.00E+00  0000.00E+00  0000.00E+00  0000.00E+00  0000.00E+00  0000.00E+00  3361.00E-10  6900.00E-11  8237.00E-10  6500.00E-12  1200.00E-12  1800.00E-12  9000.00E-13  3000.00E-13  0000.00E+00  0000.00E+00  0000.00E+00  0000.00E+00  0000.00E+00  0000.00E+00  0000.00E+00  0000.00E+00  
620000.E+02  4003.00E-10  0000.00E+00  0000.00E+00  0000.00E+00  0000.00E+00  0000.00E+00  0000.00E+00  0000.00E+00  0000.00E+00  0000.00E+00  0000.00E+00  0000.00E+00  0000.00E+00  0000.00E+00  0000.00E+00  0000.00E+00  0000.00E+00  2921.00E-10  5700.00E-11  6709.00E-10  5500.00E-12  5000.00E-13  7000.00E-13  7000.00E-13  3000.00E-13  0000.00E+00  0000.00E+00  0000.00E+00  0000.00E+00  0000.00E+00  0000.00E+00  0000.00E+00  0000.00E+00  
630000.E+02  4114.00E-10  0000.00E+00  0000.00E+00  0000.00E+00  0000.00E+00  0000.00E+00  0000.00E+00  0000.00E+00  0000.00E+00  0000.00E+00  0000.00E+00  0000.00E+00  0000.00E+00  0000.00E+00  0000.00E+00  0000.00E+00  0000.00E+00  3485.00E-10  6640.00E-11  8630.00E-10  7300.00E-12  1800.00E-12  9000.00E-13  1000.00E-12  7000.00E-13  0000.00E+00  0000.00E+00  0000.00E+00  0000.00E+00  0000.00E+00  0000.00E+00  0000.00E+00  0000.00E+00  
640000.E+02  4181.00E-10  0000.00E+00  0000.00E+00  0000.00E+00  0000.00E+00  0000.00E+00  0000.00E+00  0000.00E+00  0000.00E+00  0000.00E+00  0000.00E+00  0000.00E+00  0000.00E+00  0000.00E+00  0000.00E+00  0000.00E+00  0000.00E+00  3045.00E-10  6110.00E-11  7487.00E-10  5600.00E-12  1200.00E-12  1000.00E-12  1300.00E-12  7000.00E-13  0000.00E+00  0000.00E+00  0000.00E+00  0000.00E+00  0000.00E+00  0000.00E+00  0000.00E+00  0000.00E+00  
650000.E+02  4250.00E-10  0000.00E+00  0000.00E+00  0000.00E+00  0000.00E+00  0000.00E+00  0000.00E+00  0000.00E+00  0000.00E+00  0000.00E+00  0000.00E+00  0000.00E+00  0000.00E+00  0000.00E+00  0000.00E+00  0000.00E+00  0000.00E+00  2930.00E-10  5820.00E-11  6748.00E-10  5500.00E-12  1200.00E-12  1100.00E-12  4000.00E-13  5000.00E-13  0000.00E+00  0000.00E+00  0000.00E+00  0000.00E+00  0000.00E+00  0000.00E+00  0000.00E+00  0000.00E+00  
660000.E+02  4281.00E-10  0000.00E+00  0000.00E+00  0000.00E+00  0000.00E+00  0000.00E+00  0000.00E+00  0000.00E+00  0000.00E+00  0000.00E+00  0000.00E+00  0000.00E+00  0000.00E+00  0000.00E+00  0000.00E+00  0000.00E+00  0000.00E+00  2941.00E-10  6130.00E-11  6687.00E-10  5800.00E-12  1000.00E-12  1300.00E-12  6000.00E-13  1100.00E-12  0000.00E+00  0000.00E+00  0000.00E+00  0000.00E+00  0000.00E+00  0000.00E+00  0000.00E+00  0000.00E+00  
670000.E+02  4332.00E-10  0000.00E+00  0000.00E+00  0000.00E+00  0000.00E+00  0000.00E+00  0000.00E+00  0000.00E+00  0000.00E+00  0000.00E+00  0000.00E+00  0000.00E+00  0000.00E+00  0000.00E+00  0000.00E+00  0000.00E+00  0000.00E+00  3444.00E-10  6250.00E-11  8137.00E-10  6900.00E-12  1100.00E-12  1700.00E-12  8000.00E-13  6000.00E-13  0000.00E+00  0000.00E+00  0000.00E+00  0000.00E+00  0000.00E+00  0000.00E+00  0000.00E+00  0000.00E+00  
680000.E+02  4473.00E-10  0000.00E+00  0000.00E+00  0000.00E+00  0000.00E+00  0000.00E+00  0000.00E+00  0000.00E+00  0000.00E+00  0000.00E+00  0000.00E+00  0000.00E+00  0000.00E+00  0000.00E+00  0000.00E+00  0000.00E+00  0000.00E+00  3474.00E-10  6610.00E-11  8172.00E-10  6000.00E-12  1200.00E-12  1200.00E-12  1000.00E-12  1500.00E-12  0000.00E+00  0000.00E+00  0000.00E+00  0000.00E+00  0000.00E+00  0000.00E+00  0000.00E+00  0000.00E+00  
690000.E+02  4567.00E-10  0000.00E+00  0000.00E+00  0000.00E+00  0000.00E+00  0000.00E+00  0000.00E+00  0000.00E+00  0000.00E+00  0000.00E+00  0000.00E+00  0000.00E+00  0000.00E+00  0000.00E+00  0000.00E+00  0000.00E+00  0000.00E+00  3361.00E-10  6360.00E-11  7850.00E-10  4600.00E-12  1300.00E-12  9000.00E-13  8000.00E-13  5000.00E-13  0000.00E+00  0000.00E+00  0000.00E+00  0000.00E+00  0000.00E+00  0000.00E+00  0000.00E+00  0000.00E+00  
700000.E+02  4546.00E-10  0000.00E+00  0000.00E+00  0000.00E+00  0000.00E+00  0000.00E+00  0000.00E+00  0000.00E+00  0000.00E+00  0000.00E+00  0000.00E+00  0000.00E+00  0000.00E+00  0000.00E+00  0000.00E+00  0000.00E+00  0000.00E+00  3477.00E-10  6640.00E-11  8261.00E-10  6800.00E-12  1300.00E-12  1100.00E-12  1200.00E-12  1000.00E-12  0000.00E+00  0000.00E+00  0000.00E+00  0000.00E+00  0000.00E+00  0000.00E+00  0000.00E+00  0000.00E+00  
710000.E+02  4737.00E-10  0000.00E+00  0000.00E+00  0000.00E+00  0000.00E+00  0000.00E+00  0000.00E+00  0000.00E+00  0000.00E+00  0000.00E+00  0000.00E+00  0000.00E+00  0000.00E+00  0000.00E+00  0000.00E+00  0000.00E+00  0000.00E+00  3791.00E-10  7590.00E-11  8541.00E-10  7800.00E-12  1300.00E-12  1000.00E-12  1100.00E-12  8000.00E-13  0000.00E+00  0000.00E+00  0000.00E+00  0000.00E+00  0000.00E+00  0000.00E+00  0000.00E+00  0000.00E+00  
720000.E+02  4919.00E-10  0000.00E+00  0000.00E+00  0000.00E+00  0000.00E+00  0000.00E+00  0000.00E+00  0000.00E+00  0000.00E+00  0000.00E+00  0000.00E+00  0000.00E+00  0000.00E+00  0000.00E+00  0000.00E+00  0000.00E+00  0000.00E+00  3498.00E-10  6770.00E-11  7957.00E-10  7500.00E-12  1700.00E-12  1500.00E-12  8000.00E-13  1100.00E-12  0000.00E+00  0000.00E+00  0000.00E+00  0000.00E+00  0000.00E+00  0000.00E+00  0000.00E+00  0000.00E+00  
730000.E+02  4980.00E-10  0000.00E+00  0000.00E+00  0000.00E+00  0000.00E+00  0000.00E+00  0000.00E+00  0000.00E+00  0000.00E+00  0000.00E+00  0000.00E+00  0000.00E+00  0000.00E+00  0000.00E+00  0000.00E+00  0000.00E+00  0000.00E+00  3728.00E-10  7660.00E-11  8857.00E-10  7200.00E-12  1100.00E-12  1300.00E-12  6000.00E-13  9000.00E-13  0000.00E+00  0000.00E+00  0000.00E+00  0000.00E+00  0000.00E+00  0000.00E+00  0000.00E+00  0000.00E+00  
740000.E+02  5071.00E-10  0000.00E+00  0000.00E+00  0000.00E+00  0000.00E+00  0000.00E+00  0000.00E+00  0000.00E+00  0000.00E+00  0000.00E+00  0000.00E+00  0000.00E+00  0000.00E+00  0000.00E+00  0000.00E+00  0000.00E+00  0000.00E+00  3708.00E-10  6780.00E-11  8349.00E-10  6900.00E-12  1200.00E-12  1100.00E-12  1300.00E-12  5000.00E-13  0000.00E+00  0000.00E+00  0000.00E+00  0000.00E+00  0000.00E+00  0000.00E+00  0000.00E+00  0000.00E+00  
750000.E+02  5220.00E-10  0000.00E+00  0000.00E+00  0000.00E+00  0000.00E+00  0000.00E+00  0000.00E+00  0000.00E+00  0000.00E+00  0000.00E+00  0000.00E+00  0000.00E+00  0000.00E+00  0000.00E+00  0000.00E+00  0000.00E+00  0000.00E+00  4041.00E-10  7940.00E-11  9653.00E-10  7400.00E-12  1600.00E-12  1600.00E-12  2000.00E-12  7000.00E-13  0000.00E+00  0000.00E+00  0000.00E+00  0000.00E+00  0000.00E+00  0000.00E+00  0000.00E+00  0000.00E+00  
760000.E+02  5309.00E-10  0000.00E+00  0000.00E+00  0000.00E+00  0000.00E+00  0000.00E+00  0000.00E+00  0000.00E+00  0000.00E+00  0000.00E+00  0000.00E+00  0000.00E+00  0000.00E+00  0000.00E+00  0000.00E+00  0000.00E+00  0000.00E+00  3977.00E-10  7240.00E-11  9060.00E-10  6500.00E-12  1000.00E-12  1100.00E-12  1200.00E-12  1300.00E-12  0000.00E+00  0000.00E+00  0000.00E+00  0000.00E+00  0000.00E+00  0000.00E+00  0000.00E+00  0000.00E+00  
770000.E+02  5432.00E-10  0000.00E+00  0000.00E+00  0000.00E+00  0000.00E+00  0000.00E+00  0000.00E+00  0000.00E+00  0000.00E+00  0000.00E+00  0000.00E+00  0000.00E+00  0000.00E+00  0000.00E+00  0000.00E+00  0000.00E+00  0000.00E+00  3923.00E-10  7230.00E-11  9034.00E-10  7600.00E-12  1500.00E-12  1800.00E-12  5000.00E-13  1500.00E-12  0000.00E+00  0000.00E+00  0000.00E+00  0000.00E+00  0000.00E+00  0000.00E+00  0000.00E+00  0000.00E+00  
780000.E+02  5626.00E-10  0000.00E+00  0000.00E+00  0000.00E+00  0000.00E+00  0000.00E+00  0000.00E+00  0000.00E+00  0000.00E+00  0000.00E+00  0000.00E+00  0000.00E+00  0000.00E+00  0000.00E+00  0000.00E+00  0000.00E+00  0000.00E+00  4159.00E-10  8440.00E-11  1002.60E-09  8100.00E-12  1200.00E-12  1200.00E-12  1300.00E-12  1000.00E-12  0000.00E+00  0000.00E+00  0000.00E+00  0000.00E+00  0000.00E+00  0000.00E+00  0000.00E+00  0000.00E+00  
790000.E+02  5722.00E-10  0000.00E+00  0000.00E+00  0000.00E+00  0000.00E+00  0000.00E+00  0000.00E+00  0000.00E+00  0000.00E+00  0000.00E+00  0000.00E+00  0000.00E+00  0000.00E+00  0000.00E+00  0000.00E+00  0000.00E+00  0000.00E+00  4220.00E-10  8010.00E-11  9928.00E-10  9600.00E-12  1400.00E-12  1000.00E-12  1000.00E-12  5000.00E-13  0000.00E+00  0000.00E+00  0000.00E+00  0000.00E+00  0000.00E+00  0000.00E+00  0000.00E+00  0000.00E+00  
800000.E+02  6320.00E-10  0000.00E+00  0000.00E+00  0000.00E+00  0000.00E+00  0000.00E+00  0000.00E+00  0000.00E+00  0000.00E+00  0000.00E+00  0000.00E+00  0000.00E+00  0000.00E+00  0000.00E+00  0000.00E+00  0000.00E+00  0000.00E+00  4851.00E-10  8880.00E-11  1099.00E-09  8000.00E-12  1600.00E-12  1600.00E-12  1200.00E-12  7000.00E-13  0000.00E+00  0000.00E+00  0000.00E+00  0000.00E+00  0000.00E+00  0000.00E+00  0000.00E+00  0000.00E+00  
810000.E+02  5900.00E-10  0000.00E+00  0000.00E+00  0000.00E+00  0000.00E+00  0000.00E+00  0000.00E+00  0000.00E+00  0000.00E+00  0000.00E+00  0000.00E+00  0000.00E+00  0000.00E+00  0000.00E+00  0000.00E+00  0000.00E+00  0000.00E+00  0000.00E+00  0000.00E+00  0000.00E+00  0000.00E+00  0000.00E+00  0000.00E+00  0000.00E+00  0000.00E+00  4817.00E-10  9480.00E-11  1084.40E-09  8700.00E-12  1600.00E-12  2000.00E-12  9000.00E-13  1000.00E-12  
820000.E+02  6616.00E-10  0000.00E+00  0000.00E+00  0000.00E+00  0000.00E+00  0000.00E+00  0000.00E+00  0000.00E+00  0000.00E+00  0000.00E+00  0000.00E+00  0000.00E+00  0000.00E+00  0000.00E+00  0000.00E+00  0000.00E+00  0000.00E+00  0000.00E+00  0000.00E+00  0000.00E+00  0000.00E+00  0000.00E+00  0000.00E+00  0000.00E+00  0000.00E+00  5186.00E-10  1062.00E-10  1230.50E-09  1130.00E-11  2100.00E-12  1700.00E-12  1600.00E-12  1500.00E-12  
830000.E+02  6762.00E-10  0000.00E+00  0000.00E+00  0000.00E+00  0000.00E+00  0000.00E+00  0000.00E+00  0000.00E+00  0000.00E+00  0000.00E+00  0000.00E+00  0000.00E+00  0000.00E+00  0000.00E+00  0000.00E+00  0000.00E+00  0000.00E+00  0000.00E+00  0000.00E+00  0000.00E+00  0000.00E+00  0000.00E+00  0000.00E+00  0000.00E+00  0000.00E+00  4854.00E-10  9110.00E-11  1139.40E-09  8900.00E-12  1400.00E-12  2100.00E-12  1500.00E-12  2000.00E-12  
840000.E+02  7047.00E-10  0000.00E+00  0000.00E+00  0000.00E+00  0000.00E+00  0000.00E+00  0000.00E+00  0000.00E+00  0000.00E+00  0000.00E+00  0000.00E+00  0000.00E+00  0000.00E+00  0000.00E+00  0000.00E+00  0000.00E+00  0000.00E+00  0000.00E+00  0000.00E+00  0000.00E+00  0000.00E+00  0000.00E+00  0000.00E+00  0000.00E+00  0000.00E+00  5501.00E-10  1066.00E-10  1256.10E-09  1000.00E-11  2000.00E-12  5000.00E-13  6000.00E-13  1300.00E-12  
850000.E+02  7215.00E-10  0000.00E+00  0000.00E+00  0000.00E+00  0000.00E+00  0000.00E+00  0000.00E+00  0000.00E+00  0000.00E+00  0000.00E+00  0000.00E+00  0000.00E+00  0000.00E+00  0000.00E+00  0000.00E+00  0000.00E+00  0000.00E+00  0000.00E+00  0000.00E+00  0000.00E+00  0000.00E+00  0000.00E+00  0000.00E+00  0000.00E+00  0000.00E+00  5860.00E-10  1157.00E-10  1415.70E-09  1170.00E-11  2100.00E-12  1200.00E-12  1900.00E-12  9000.00E-13  
860000.E+02  7547.00E-10  0000.00E+00  0000.00E+00  0000.00E+00  0000.00E+00  0000.00E+00  0000.00E+00  0000.00E+00  0000.00E+00  0000.00E+00  0000.00E+00  0000.00E+00  0000.00E+00  0000.00E+00  0000.00E+00  0000.00E+00  0000.00E+00  0000.00E+00  0000.00E+00  0000.00E+00  0000.00E+00  0000.00E+00  0000.00E+00  0000.00E+00  0000.00E+00  5337.00E-10  1046.00E-10  1285.50E-09  1140.00E-11  1700.00E-12  1300.00E-12  1900.00E-12  1000.00E-12  
870000.E+02  8029.00E-10  0000.00E+00  0000.00E+00  0000.00E+00  0000.00E+00  0000.00E+00  0000.00E+00  0000.00E+00  0000.00E+00  0000.00E+00  0000.00E+00  0000.00E+00  0000.00E+00  0000.00E+00  0000.00E+00  0000.00E+00  0000.00E+00  0000.00E+00  0000.00E+00  0000.00E+00  0000.00E+00  0000.00E+00  0000.00E+00  0000.00E+00  0000.00E+00  6570.00E-10  1305.00E-10  1599.00E-09  1240.00E-11  3400.00E-12  1900.00E-12  2100.00E-12  1600.00E-12  
880000.E+02  8437.00E-10  0000.00E+00  0000.00E+00  0000.00E+00  0000.00E+00  0000.00E+00  0000.00E+00  0000.00E+00  0000.00E+00  0000.00E+00  0000.00E+00  0000.00E+00  0000.00E+00  0000.00E+00  0000.00E+00  0000.00E+00  0000.00E+00  0000.00E+00  0000.00E+00  0000.00E+00  0000.00E+00  0000.00E+00  0000.00E+00  0000.00E+00  0000.00E+00  6703.00E-10  1306.00E-10  1574.40E-09  1390.00E-11  2400.00E-12  2500.00E-12  1200.00E-12  1400.00E-12  
890000.E+02  8942.00E-10  0000.00E+00  0000.00E+00  0000.00E+00  0000.00E+00  0000.00E+00  0000.00E+00  0000.00E+00  0000.00E+00  0000.00E+00  0000.00E+00  0000.00E+00  0000.00E+00  0000.00E+00  0000.00E+00  0000.00E+00  0000.00E+00  0000.00E+00  0000.00E+00  0000.00E+00  0000.00E+00  0000.00E+00  0000.00E+00  0000.00E+00  0000.00E+00  6866.00E-10  1366.00E-10  1622.10E-09  1370.00E-11  2500.00E-12  2300.00E-12  1700.00E-12  2300.00E-12  
900000.E+02  9400.00E-10  0000.00E+00  0000.00E+00  0000.00E+00  0000.00E+00  0000.00E+00  0000.00E+00  0000.00E+00  0000.00E+00  0000.00E+00  0000.00E+00  0000.00E+00  0000.00E+00  0000.00E+00  0000.00E+00  0000.00E+00  0000.00E+00  0000.00E+00  0000.00E+00  0000.00E+00  0000.00E+00  0000.00E+00  0000.00E+00  0000.00E+00  0000.00E+00  6709.00E-10  1347.00E-10  1507.50E-09  1400.00E-11  2400.00E-12  2000.00E-12  2200.00E-12  2200.00E-12  
910000.E+02  1051.50E-09  0000.00E+00  0000.00E+00  0000.00E+00  0000.00E+00  0000.00E+00  0000.00E+00  0000.00E+00  0000.00E+00  0000.00E+00  0000.00E+00  0000.00E+00  0000.00E+00  0000.00E+00  0000.00E+00  0000.00E+00  0000.00E+00  0000.00E+00  0000.00E+00  0000.00E+00  0000.00E+00  0000.00E+00  0000.00E+00  0000.00E+00  0000.00E+00  8636.00E-10  1645.00E-10  2012.30E-09  1430.00E-11  3400.00E-12  3900.00E-12  2000.00E-12  9000.00E-13  
920000.E+02  1157.00E-09  0000.00E+00  0000.00E+00  0000.00E+00  0000.00E+00  0000.00E+00  0000.00E+00  0000.00E+00  0000.00E+00  0000.00E+00  0000.00E+00  0000.00E+00  0000.00E+00  0000.00E+00  0000.00E+00  0000.00E+00  0000.00E+00  0000.00E+00  0000.00E+00  0000.00E+00  0000.00E+00  0000.00E+00  0000.00E+00  0000.00E+00  0000.00E+00  8413.00E-10  1649.00E-10  1977.20E-09  1500.00E-11  4600.00E-12  2400.00E-12  2300.00E-12  2100.00E-12  
930000.E+02  1300.10E-09  0000.00E+00  0000.00E+00  0000.00E+00  0000.00E+00  0000.00E+00  0000.00E+00  0000.00E+00  0000.00E+00  0000.00E+00  0000.00E+00  0000.00E+00  0000.00E+00  0000.00E+00  0000.00E+00  0000.00E+00  0000.00E+00  0000.00E+00  0000.00E+00  0000.00E+00  0000.00E+00  0000.00E+00  0000.00E+00  0000.00E+00  0000.00E+00  9832.00E-10  1979.00E-10  2407.30E-09  1740.00E-11  4100.00E-12  2900.00E-12  2300.00E-12  2400.00E-12  
940000.E+02  1583.90E-09  0000.00E+00  0000.00E+00  0000.00E+00  0000.00E+00  0000.00E+00  0000.00E+00  0000.00E+00  0000.00E+00  0000.00E+00  0000.00E+00  0000.00E+00  0000.00E+00  0000.00E+00  0000.00E+00  0000.00E+00  0000.00E+00  0000.00E+00  0000.00E+00  0000.00E+00  0000.00E+00  0000.00E+00  0000.00E+00  0000.00E+00  0000.00E+00  1194.60E-09  2371.00E-10  2812.10E-09  2520.00E-11  5300.00E-12  2800.00E-12  3100.00E-12  1400.00E-12  
950000.E+02  2194.80E-09  0000.00E+00  0000.00E+00  0000.00E+00  0000.00E+00  0000.00E+00  0000.00E+00  0000.00E+00  0000.00E+00  0000.00E+00  0000.00E+00  0000.00E+00  0000.00E+00  0000.00E+00  0000.00E+00  0000.00E+00  0000.00E+00  0000.00E+00  0000.00E+00  0000.00E+00  0000.00E+00  0000.00E+00  0000.00E+00  0000.00E+00  0000.00E+00  1483.30E-09  2920.00E-10  3645.00E-09  2810.00E-11  5600.00E-12  4900.00E-12  2500.00E-12  3300.00E-12  
960000.E+02  3287.60E-09  0000.00E+00  0000.00E+00  0000.00E+00  0000.00E+00  0000.00E+00  0000.00E+00  0000.00E+00  0000.00E+00  0000.00E+00  0000.00E+00  0000.00E+00  0000.00E+00  0000.00E+00  0000.00E+00  0000.00E+00  0000.00E+00  0000.00E+00  0000.00E+00  0000.00E+00  0000.00E+00  0000.00E+00  0000.00E+00  0000.00E+00  0000.00E+00  2174.00E-09  4327.00E-10  5555.20E-09  4010.00E-11  7400.00E-12  6600.00E-12  5300.00E-12  5400.00E-12  
970000.E+02  4788.10E-09  0000.00E+00  0000.00E+00  0000.00E+00  0000.00E+00  0000.00E+00  0000.00E+00  0000.00E+00  0000.00E+00  0000.00E+00  0000.00E+00  0000.00E+00  0000.00E+00  0000.00E+00  0000.00E+00  0000.00E+00  0000.00E+00  0000.00E+00  0000.00E+00  0000.00E+00  0000.00E+00  0000.00E+00  0000.00E+00  0000.00E+00  0000.00E+00  2849.70E-09  5658.00E-10  7439.90E-09  5500.00E-11  1030.00E-11  7500.00E-12  6400.00E-12  6300.00E-12  
980000.E+02  5263.50E-09  0000.00E+00  0000.00E+00  0000.00E+00  0000.00E+00  0000.00E+00  0000.00E+00  0000.00E+00  0000.00E+00  0000.00E+00  0000.00E+00  0000.00E+00  0000.00E+00  0000.00E+00  0000.00E+00  0000.00E+00  0000.00E+00  0000.00E+00  0000.00E+00  0000.00E+00  0000.00E+00  0000.00E+00  0000.00E+00  0000.00E+00  0000.00E+00  2893.80E-09  5705.00E-10  7801.80E-09  6050.00E-11  9400.00E-12  8400.00E-12  8100.00E-12  6000.00E-12  
990000.E+02  4152.80E-09  0000.00E+00  0000.00E+00  0000.00E+00  0000.00E+00  0000.00E+00  0000.00E+00  0000.00E+00  0000.00E+00  0000.00E+00  0000.00E+00  0000.00E+00  0000.00E+00  0000.00E+00  0000.00E+00  0000.00E+00  0000.00E+00  0000.00E+00  0000.00E+00  0000.00E+00  0000.00E+00  0000.00E+00  0000.00E+00  0000.00E+00  0000.00E+00  2231.30E-09  4460.00E-10  6099.00E-09  4210.00E-11  7400.00E-12  5800.00E-12  4900.00E-12  4200.00E-12  
100000.E+03  2195.80E-09  0000.00E+00  0000.00E+00  0000.00E+00  0000.00E+00  0000.00E+00  0000.00E+00  0000.00E+00  0000.00E+00  0000.00E+00  0000.00E+00  0000.00E+00  0000.00E+00  0000.00E+00  0000.00E+00  0000.00E+00  0000.00E+00  0000.00E+00  0000.00E+00  0000.00E+00  0000.00E+00  0000.00E+00  0000.00E+00  0000.00E+00  0000.00E+00  1138.80E-09  2253.00E-10  3218.40E-09  2020.00E-11  4200.00E-12  2800.00E-12  2200.00E-12  2900.00E-12  

 To convert to Energy Lost - multiply by Average Binding Energy =  3  eV/Vacancy
