====== 36.5 MeV H into skin/skull/brain/tumour =======
        SRIM-2013.00
==========================================
    Ion and Target VACANCY production     
  See SRIM Outputs\TDATA.txt for calc. details
==========================================
 See file :  SRIM Outputs\TDATA.txt for calculation data
 Ion    =  H   Energy = 36500 keV
============= TARGET MATERIAL ======================================
Layer  1 : Skin_Human (W&W type 1)
Layer Width =     1.E+07 A ;
  Layer # 1- Density = 10.56E22 atoms/cm3 = 1.09 g/cm3
  Layer # 1-  H = 61.7 Atomic Percent = 10.0 Mass Percent
  Layer # 1-  C = 12.9 Atomic Percent = 25.0 Mass Percent
  Layer # 1-  N = 2.04 Atomic Percent = 4.60 Mass Percent
  Layer # 1-  O = 23.1 Atomic Percent = 59.4 Mass Percent
  Layer # 1-  S = 5.82 Atomic Percent = .300 Mass Percent
  Layer # 1- Cl = .052 Atomic Percent = .300 Mass Percent
  Layer # 1- Na = .054 Atomic Percent = .200 Mass Percent
  Layer # 1-  K = 1.59 Atomic Percent = .100 Mass Percent
Layer  2 : Cortical Bone  Adult (W&W)
Layer Width =     4.E+07 A ;
  Layer # 2- Density = 9.946E22 atoms/cm3 = 1.92 g/cm3
  Layer # 2- Ca = 6.53 Atomic Percent = 22.5 Mass Percent
  Layer # 2-  P = 3.86 Atomic Percent = 10.3 Mass Percent
  Layer # 2-  H = 39.2 Atomic Percent = 3.40 Mass Percent
  Layer # 2-  C = 15.0 Atomic Percent = 15.5 Mass Percent
  Layer # 2-  N = 3.48 Atomic Percent = 4.20 Mass Percent
  Layer # 2-  O = 31.6 Atomic Percent = 43.5 Mass Percent
  Layer # 2-  S = .108 Atomic Percent = .300 Mass Percent
  Layer # 2- Mg = 9.57 Atomic Percent = .200 Mass Percent
Layer  3 : Brain (ICRP)
Layer Width =     3.E+07 A ;
  Layer # 3- Density = 10.41E22 atoms/cm3 = 1.03 g/cm3
  Layer # 3-  O = 27.5 Atomic Percent = 73.9 Mass Percent
  Layer # 3-  C = 6.23 Atomic Percent = 12.5 Mass Percent
  Layer # 3-  H = 65.4 Atomic Percent = 11.0 Mass Percent
  Layer # 3-  N = .565 Atomic Percent = 1.33 Mass Percent
  Layer # 3-  P = 6.72 Atomic Percent = .350 Mass Percent
  Layer # 3-  K = 4.71 Atomic Percent = .309 Mass Percent
  Layer # 3- Cl = 4.02 Atomic Percent = .240 Mass Percent
  Layer # 3- Na = 4.65 Atomic Percent = .179 Mass Percent
Layer  4 : Brain Tumour (ICRP brain comp.)
Layer Width =     2.E+07 A ;
  Layer # 4- Density = 10.62E22 atoms/cm3 = 1.05 g/cm3
  Layer # 4-  O = 27.5 Atomic Percent = 73.9 Mass Percent
  Layer # 4-  C = 6.23 Atomic Percent = 12.5 Mass Percent
  Layer # 4-  H = 65.4 Atomic Percent = 11.0 Mass Percent
  Layer # 4-  N = .565 Atomic Percent = 1.33 Mass Percent
  Layer # 4-  P = 6.72 Atomic Percent = .350 Mass Percent
  Layer # 4-  K = 4.71 Atomic Percent = .309 Mass Percent
  Layer # 4- Cl = 4.02 Atomic Percent = .240 Mass Percent
  Layer # 4- Na = 4.65 Atomic Percent = .179 Mass Percent
====================================================================
 Total Ions calculated =10000.00
 Total Target Vacancies     = 169 /Ion
 Total Target Displacements = 172 /Ion
 Total Target Replacement Collisions = 2 /Ion

!!!! NOTE : 2nd Column below is number of Primary Knock-Ons !!!!
           ( PKO are number of Target Atoms Recoiling from the Ion. )
==========================================================
  Table Units are  >>>> Vacancies/(Angstrom-Ion)  <<<<  
==========================================================
   TARGET    
   DEPTH          H            H            C            N            O            S           Cl           Na            K           Ca            P            H            C            N            O            S           Mg            O            C            H            N            P            K           Cl           Na            O            C            H            N            P            K           Cl           Na       
   (Ang.)     Knock-Ons    Vacancies    Vacancies    Vacancies    Vacancies    Vacancies    Vacancies    Vacancies    Vacancies    Vacancies    Vacancies    Vacancies    Vacancies    Vacancies    Vacancies    Vacancies    Vacancies    Vacancies    Vacancies    Vacancies    Vacancies    Vacancies    Vacancies    Vacancies    Vacancies    Vacancies    Vacancies    Vacancies    Vacancies    Vacancies    Vacancies    Vacancies    Vacancies   
-----------  -----------  -----------  -----------  -----------  -----------  -----------  -----------  -----------  -----------  -----------  -----------  -----------  -----------  -----------  -----------  -----------  -----------  -----------  -----------  -----------  -----------  -----------  -----------  -----------  -----------  -----------  -----------  -----------  -----------  -----------  -----------  -----------  -----------  
100000.E+01  1956.00E-10  3191.00E-10  5650.00E-11  9900.00E-12  1158.00E-10  5000.00E-13  2000.00E-13  3000.00E-13  1000.00E-13  0000.00E+00  0000.00E+00  0000.00E+00  0000.00E+00  0000.00E+00  0000.00E+00  0000.00E+00  0000.00E+00  0000.00E+00  0000.00E+00  0000.00E+00  0000.00E+00  0000.00E+00  0000.00E+00  0000.00E+00  0000.00E+00  0000.00E+00  0000.00E+00  0000.00E+00  0000.00E+00  0000.00E+00  0000.00E+00  0000.00E+00  0000.00E+00  
200000.E+01  2090.00E-10  3427.00E-10  6660.00E-11  1130.00E-11  1289.00E-10  5000.00E-13  6000.00E-13  6000.00E-13  0000.00E+00  0000.00E+00  0000.00E+00  0000.00E+00  0000.00E+00  0000.00E+00  0000.00E+00  0000.00E+00  0000.00E+00  0000.00E+00  0000.00E+00  0000.00E+00  0000.00E+00  0000.00E+00  0000.00E+00  0000.00E+00  0000.00E+00  0000.00E+00  0000.00E+00  0000.00E+00  0000.00E+00  0000.00E+00  0000.00E+00  0000.00E+00  0000.00E+00  
300000.E+01  2173.00E-10  3423.00E-10  6200.00E-11  1010.00E-11  1300.00E-10  8000.00E-13  5000.00E-13  2000.00E-13  2000.00E-13  0000.00E+00  0000.00E+00  0000.00E+00  0000.00E+00  0000.00E+00  0000.00E+00  0000.00E+00  0000.00E+00  0000.00E+00  0000.00E+00  0000.00E+00  0000.00E+00  0000.00E+00  0000.00E+00  0000.00E+00  0000.00E+00  0000.00E+00  0000.00E+00  0000.00E+00  0000.00E+00  0000.00E+00  0000.00E+00  0000.00E+00  0000.00E+00  
400000.E+01  2123.00E-10  3042.00E-10  5980.00E-11  9600.00E-12  1230.00E-10  1000.00E-12  8000.00E-13  7000.00E-13  1000.00E-13  0000.00E+00  0000.00E+00  0000.00E+00  0000.00E+00  0000.00E+00  0000.00E+00  0000.00E+00  0000.00E+00  0000.00E+00  0000.00E+00  0000.00E+00  0000.00E+00  0000.00E+00  0000.00E+00  0000.00E+00  0000.00E+00  0000.00E+00  0000.00E+00  0000.00E+00  0000.00E+00  0000.00E+00  0000.00E+00  0000.00E+00  0000.00E+00  
500000.E+01  2131.00E-10  3894.00E-10  6980.00E-11  1090.00E-11  1373.00E-10  4000.00E-13  5000.00E-13  5000.00E-13  0000.00E+00  0000.00E+00  0000.00E+00  0000.00E+00  0000.00E+00  0000.00E+00  0000.00E+00  0000.00E+00  0000.00E+00  0000.00E+00  0000.00E+00  0000.00E+00  0000.00E+00  0000.00E+00  0000.00E+00  0000.00E+00  0000.00E+00  0000.00E+00  0000.00E+00  0000.00E+00  0000.00E+00  0000.00E+00  0000.00E+00  0000.00E+00  0000.00E+00  
600000.E+01  2184.00E-10  3546.00E-10  6470.00E-11  1140.00E-11  1324.00E-10  8000.00E-13  3000.00E-13  4000.00E-13  3000.00E-13  0000.00E+00  0000.00E+00  0000.00E+00  0000.00E+00  0000.00E+00  0000.00E+00  0000.00E+00  0000.00E+00  0000.00E+00  0000.00E+00  0000.00E+00  0000.00E+00  0000.00E+00  0000.00E+00  0000.00E+00  0000.00E+00  0000.00E+00  0000.00E+00  0000.00E+00  0000.00E+00  0000.00E+00  0000.00E+00  0000.00E+00  0000.00E+00  
700000.E+01  2183.00E-10  4296.00E-10  7410.00E-11  1410.00E-11  1526.00E-10  5000.00E-13  3000.00E-13  0000.00E+00  4000.00E-13  0000.00E+00  0000.00E+00  0000.00E+00  0000.00E+00  0000.00E+00  0000.00E+00  0000.00E+00  0000.00E+00  0000.00E+00  0000.00E+00  0000.00E+00  0000.00E+00  0000.00E+00  0000.00E+00  0000.00E+00  0000.00E+00  0000.00E+00  0000.00E+00  0000.00E+00  0000.00E+00  0000.00E+00  0000.00E+00  0000.00E+00  0000.00E+00  
800000.E+01  2183.00E-10  3595.00E-10  6880.00E-11  1050.00E-11  1322.00E-10  6000.00E-13  8000.00E-13  6000.00E-13  3000.00E-13  0000.00E+00  0000.00E+00  0000.00E+00  0000.00E+00  0000.00E+00  0000.00E+00  0000.00E+00  0000.00E+00  0000.00E+00  0000.00E+00  0000.00E+00  0000.00E+00  0000.00E+00  0000.00E+00  0000.00E+00  0000.00E+00  0000.00E+00  0000.00E+00  0000.00E+00  0000.00E+00  0000.00E+00  0000.00E+00  0000.00E+00  0000.00E+00  
900000.E+01  2197.00E-10  3818.00E-10  7190.00E-11  1170.00E-11  1415.00E-10  1200.00E-12  4000.00E-13  2000.00E-13  2000.00E-13  0000.00E+00  0000.00E+00  0000.00E+00  0000.00E+00  0000.00E+00  0000.00E+00  0000.00E+00  0000.00E+00  0000.00E+00  0000.00E+00  0000.00E+00  0000.00E+00  0000.00E+00  0000.00E+00  0000.00E+00  0000.00E+00  0000.00E+00  0000.00E+00  0000.00E+00  0000.00E+00  0000.00E+00  0000.00E+00  0000.00E+00  0000.00E+00  
100000.E+02  2424.00E-10  3652.00E-10  7200.00E-11  1200.00E-11  1368.00E-10  6000.00E-13  8000.00E-13  2000.00E-13  1000.00E-13  0000.00E+00  0000.00E+00  0000.00E+00  0000.00E+00  0000.00E+00  0000.00E+00  0000.00E+00  0000.00E+00  0000.00E+00  0000.00E+00  0000.00E+00  0000.00E+00  0000.00E+00  0000.00E+00  0000.00E+00  0000.00E+00  0000.00E+00  0000.00E+00  0000.00E+00  0000.00E+00  0000.00E+00  0000.00E+00  0000.00E+00  0000.00E+00  
110000.E+02  2482.00E-10  0000.00E+00  0000.00E+00  0000.00E+00  0000.00E+00  0000.00E+00  0000.00E+00  0000.00E+00  0000.00E+00  9060.00E-11  4980.00E-11  2494.00E-10  9710.00E-11  2670.00E-11  2501.00E-10  8000.00E-13  5000.00E-13  0000.00E+00  0000.00E+00  0000.00E+00  0000.00E+00  0000.00E+00  0000.00E+00  0000.00E+00  0000.00E+00  0000.00E+00  0000.00E+00  0000.00E+00  0000.00E+00  0000.00E+00  0000.00E+00  0000.00E+00  0000.00E+00  
120000.E+02  2664.00E-10  0000.00E+00  0000.00E+00  0000.00E+00  0000.00E+00  0000.00E+00  0000.00E+00  0000.00E+00  0000.00E+00  1089.00E-10  5510.00E-11  3303.00E-10  1323.00E-10  3630.00E-11  3127.00E-10  1600.00E-12  1500.00E-12  0000.00E+00  0000.00E+00  0000.00E+00  0000.00E+00  0000.00E+00  0000.00E+00  0000.00E+00  0000.00E+00  0000.00E+00  0000.00E+00  0000.00E+00  0000.00E+00  0000.00E+00  0000.00E+00  0000.00E+00  0000.00E+00  
130000.E+02  2746.00E-10  0000.00E+00  0000.00E+00  0000.00E+00  0000.00E+00  0000.00E+00  0000.00E+00  0000.00E+00  0000.00E+00  9930.00E-11  4730.00E-11  2753.00E-10  1127.00E-10  2770.00E-11  2780.00E-10  2000.00E-12  9000.00E-13  0000.00E+00  0000.00E+00  0000.00E+00  0000.00E+00  0000.00E+00  0000.00E+00  0000.00E+00  0000.00E+00  0000.00E+00  0000.00E+00  0000.00E+00  0000.00E+00  0000.00E+00  0000.00E+00  0000.00E+00  0000.00E+00  
140000.E+02  2807.00E-10  0000.00E+00  0000.00E+00  0000.00E+00  0000.00E+00  0000.00E+00  0000.00E+00  0000.00E+00  0000.00E+00  1144.00E-10  6180.00E-11  3285.00E-10  1382.00E-10  3470.00E-11  3240.00E-10  1200.00E-12  1200.00E-12  0000.00E+00  0000.00E+00  0000.00E+00  0000.00E+00  0000.00E+00  0000.00E+00  0000.00E+00  0000.00E+00  0000.00E+00  0000.00E+00  0000.00E+00  0000.00E+00  0000.00E+00  0000.00E+00  0000.00E+00  0000.00E+00  
150000.E+02  2829.00E-10  0000.00E+00  0000.00E+00  0000.00E+00  0000.00E+00  0000.00E+00  0000.00E+00  0000.00E+00  0000.00E+00  1109.00E-10  5860.00E-11  3268.00E-10  1372.00E-10  3150.00E-11  3164.00E-10  1500.00E-12  1400.00E-12  0000.00E+00  0000.00E+00  0000.00E+00  0000.00E+00  0000.00E+00  0000.00E+00  0000.00E+00  0000.00E+00  0000.00E+00  0000.00E+00  0000.00E+00  0000.00E+00  0000.00E+00  0000.00E+00  0000.00E+00  0000.00E+00  
160000.E+02  2829.00E-10  0000.00E+00  0000.00E+00  0000.00E+00  0000.00E+00  0000.00E+00  0000.00E+00  0000.00E+00  0000.00E+00  9040.00E-11  4610.00E-11  2548.00E-10  1077.00E-10  2780.00E-11  2511.00E-10  8000.00E-13  8000.00E-13  0000.00E+00  0000.00E+00  0000.00E+00  0000.00E+00  0000.00E+00  0000.00E+00  0000.00E+00  0000.00E+00  0000.00E+00  0000.00E+00  0000.00E+00  0000.00E+00  0000.00E+00  0000.00E+00  0000.00E+00  0000.00E+00  
170000.E+02  2737.00E-10  0000.00E+00  0000.00E+00  0000.00E+00  0000.00E+00  0000.00E+00  0000.00E+00  0000.00E+00  0000.00E+00  1156.00E-10  6050.00E-11  3761.00E-10  1472.00E-10  3680.00E-11  3612.00E-10  2100.00E-12  2400.00E-12  0000.00E+00  0000.00E+00  0000.00E+00  0000.00E+00  0000.00E+00  0000.00E+00  0000.00E+00  0000.00E+00  0000.00E+00  0000.00E+00  0000.00E+00  0000.00E+00  0000.00E+00  0000.00E+00  0000.00E+00  0000.00E+00  
180000.E+02  2848.00E-10  0000.00E+00  0000.00E+00  0000.00E+00  0000.00E+00  0000.00E+00  0000.00E+00  0000.00E+00  0000.00E+00  1019.00E-10  5250.00E-11  3079.00E-10  1264.00E-10  3010.00E-11  3046.00E-10  1200.00E-12  1000.00E-12  0000.00E+00  0000.00E+00  0000.00E+00  0000.00E+00  0000.00E+00  0000.00E+00  0000.00E+00  0000.00E+00  0000.00E+00  0000.00E+00  0000.00E+00  0000.00E+00  0000.00E+00  0000.00E+00  0000.00E+00  0000.00E+00  
190000.E+02  2829.00E-10  0000.00E+00  0000.00E+00  0000.00E+00  0000.00E+00  0000.00E+00  0000.00E+00  0000.00E+00  0000.00E+00  1040.00E-10  5330.00E-11  3012.00E-10  1234.00E-10  3030.00E-11  2763.00E-10  1700.00E-12  7000.00E-13  0000.00E+00  0000.00E+00  0000.00E+00  0000.00E+00  0000.00E+00  0000.00E+00  0000.00E+00  0000.00E+00  0000.00E+00  0000.00E+00  0000.00E+00  0000.00E+00  0000.00E+00  0000.00E+00  0000.00E+00  0000.00E+00  
200000.E+02  2863.00E-10  0000.00E+00  0000.00E+00  0000.00E+00  0000.00E+00  0000.00E+00  0000.00E+00  0000.00E+00  0000.00E+00  9120.00E-11  4750.00E-11  2505.00E-10  1060.00E-10  2440.00E-11  2589.00E-10  1400.00E-12  1200.00E-12  0000.00E+00  0000.00E+00  0000.00E+00  0000.00E+00  0000.00E+00  0000.00E+00  0000.00E+00  0000.00E+00  0000.00E+00  0000.00E+00  0000.00E+00  0000.00E+00  0000.00E+00  0000.00E+00  0000.00E+00  0000.00E+00  
210000.E+02  2907.00E-10  0000.00E+00  0000.00E+00  0000.00E+00  0000.00E+00  0000.00E+00  0000.00E+00  0000.00E+00  0000.00E+00  9650.00E-11  5370.00E-11  2823.00E-10  1159.00E-10  2980.00E-11  2963.00E-10  1200.00E-12  1100.00E-12  0000.00E+00  0000.00E+00  0000.00E+00  0000.00E+00  0000.00E+00  0000.00E+00  0000.00E+00  0000.00E+00  0000.00E+00  0000.00E+00  0000.00E+00  0000.00E+00  0000.00E+00  0000.00E+00  0000.00E+00  0000.00E+00  
220000.E+02  2930.00E-10  0000.00E+00  0000.00E+00  0000.00E+00  0000.00E+00  0000.00E+00  0000.00E+00  0000.00E+00  0000.00E+00  1103.00E-10  5510.00E-11  3349.00E-10  1363.00E-10  3240.00E-11  3198.00E-10  1900.00E-12  1400.00E-12  0000.00E+00  0000.00E+00  0000.00E+00  0000.00E+00  0000.00E+00  0000.00E+00  0000.00E+00  0000.00E+00  0000.00E+00  0000.00E+00  0000.00E+00  0000.00E+00  0000.00E+00  0000.00E+00  0000.00E+00  0000.00E+00  
230000.E+02  2985.00E-10  0000.00E+00  0000.00E+00  0000.00E+00  0000.00E+00  0000.00E+00  0000.00E+00  0000.00E+00  0000.00E+00  1020.00E-10  5450.00E-11  2730.00E-10  1210.00E-10  2870.00E-11  2798.00E-10  2200.00E-12  1200.00E-12  0000.00E+00  0000.00E+00  0000.00E+00  0000.00E+00  0000.00E+00  0000.00E+00  0000.00E+00  0000.00E+00  0000.00E+00  0000.00E+00  0000.00E+00  0000.00E+00  0000.00E+00  0000.00E+00  0000.00E+00  0000.00E+00  
240000.E+02  3032.00E-10  0000.00E+00  0000.00E+00  0000.00E+00  0000.00E+00  0000.00E+00  0000.00E+00  0000.00E+00  0000.00E+00  1037.00E-10  5060.00E-11  3177.00E-10  1237.00E-10  3250.00E-11  3105.00E-10  1400.00E-12  1400.00E-12  0000.00E+00  0000.00E+00  0000.00E+00  0000.00E+00  0000.00E+00  0000.00E+00  0000.00E+00  0000.00E+00  0000.00E+00  0000.00E+00  0000.00E+00  0000.00E+00  0000.00E+00  0000.00E+00  0000.00E+00  0000.00E+00  
250000.E+02  3097.00E-10  0000.00E+00  0000.00E+00  0000.00E+00  0000.00E+00  0000.00E+00  0000.00E+00  0000.00E+00  0000.00E+00  1197.00E-10  6290.00E-11  3606.00E-10  1573.00E-10  3830.00E-11  3625.00E-10  1700.00E-12  1600.00E-12  0000.00E+00  0000.00E+00  0000.00E+00  0000.00E+00  0000.00E+00  0000.00E+00  0000.00E+00  0000.00E+00  0000.00E+00  0000.00E+00  0000.00E+00  0000.00E+00  0000.00E+00  0000.00E+00  0000.00E+00  0000.00E+00  
260000.E+02  3066.00E-10  0000.00E+00  0000.00E+00  0000.00E+00  0000.00E+00  0000.00E+00  0000.00E+00  0000.00E+00  0000.00E+00  1171.00E-10  6410.00E-11  3742.00E-10  1592.00E-10  3850.00E-11  3660.00E-10  2000.00E-12  1600.00E-12  0000.00E+00  0000.00E+00  0000.00E+00  0000.00E+00  0000.00E+00  0000.00E+00  0000.00E+00  0000.00E+00  0000.00E+00  0000.00E+00  0000.00E+00  0000.00E+00  0000.00E+00  0000.00E+00  0000.00E+00  0000.00E+00  
270000.E+02  3221.00E-10  0000.00E+00  0000.00E+00  0000.00E+00  0000.00E+00  0000.00E+00  0000.00E+00  0000.00E+00  0000.00E+00  1130.00E-10  5310.00E-11  3260.00E-10  1256.00E-10  3160.00E-11  3152.00E-10  1800.00E-12  1200.00E-12  0000.00E+00  0000.00E+00  0000.00E+00  0000.00E+00  0000.00E+00  0000.00E+00  0000.00E+00  0000.00E+00  0000.00E+00  0000.00E+00  0000.00E+00  0000.00E+00  0000.00E+00  0000.00E+00  0000.00E+00  0000.00E+00  
280000.E+02  3252.00E-10  0000.00E+00  0000.00E+00  0000.00E+00  0000.00E+00  0000.00E+00  0000.00E+00  0000.00E+00  0000.00E+00  1236.00E-10  6420.00E-11  3695.00E-10  1518.00E-10  3930.00E-11  3592.00E-10  2300.00E-12  1900.00E-12  0000.00E+00  0000.00E+00  0000.00E+00  0000.00E+00  0000.00E+00  0000.00E+00  0000.00E+00  0000.00E+00  0000.00E+00  0000.00E+00  0000.00E+00  0000.00E+00  0000.00E+00  0000.00E+00  0000.00E+00  0000.00E+00  
290000.E+02  3127.00E-10  0000.00E+00  0000.00E+00  0000.00E+00  0000.00E+00  0000.00E+00  0000.00E+00  0000.00E+00  0000.00E+00  1231.00E-10  6190.00E-11  4034.00E-10  1576.00E-10  4140.00E-11  3672.00E-10  1900.00E-12  1200.00E-12  0000.00E+00  0000.00E+00  0000.00E+00  0000.00E+00  0000.00E+00  0000.00E+00  0000.00E+00  0000.00E+00  0000.00E+00  0000.00E+00  0000.00E+00  0000.00E+00  0000.00E+00  0000.00E+00  0000.00E+00  0000.00E+00  
300000.E+02  3203.00E-10  0000.00E+00  0000.00E+00  0000.00E+00  0000.00E+00  0000.00E+00  0000.00E+00  0000.00E+00  0000.00E+00  1153.00E-10  5690.00E-11  3216.00E-10  1285.00E-10  3190.00E-11  3164.00E-10  1700.00E-12  1000.00E-12  0000.00E+00  0000.00E+00  0000.00E+00  0000.00E+00  0000.00E+00  0000.00E+00  0000.00E+00  0000.00E+00  0000.00E+00  0000.00E+00  0000.00E+00  0000.00E+00  0000.00E+00  0000.00E+00  0000.00E+00  0000.00E+00  
310000.E+02  3229.00E-10  0000.00E+00  0000.00E+00  0000.00E+00  0000.00E+00  0000.00E+00  0000.00E+00  0000.00E+00  0000.00E+00  1089.00E-10  5550.00E-11  3215.00E-10  1303.00E-10  3450.00E-11  3226.00E-10  1000.00E-12  1400.00E-12  0000.00E+00  0000.00E+00  0000.00E+00  0000.00E+00  0000.00E+00  0000.00E+00  0000.00E+00  0000.00E+00  0000.00E+00  0000.00E+00  0000.00E+00  0000.00E+00  0000.00E+00  0000.00E+00  0000.00E+00  0000.00E+00  
320000.E+02  3316.00E-10  0000.00E+00  0000.00E+00  0000.00E+00  0000.00E+00  0000.00E+00  0000.00E+00  0000.00E+00  0000.00E+00  1219.00E-10  5340.00E-11  3223.00E-10  1312.00E-10  3300.00E-11  3303.00E-10  2600.00E-12  1700.00E-12  0000.00E+00  0000.00E+00  0000.00E+00  0000.00E+00  0000.00E+00  0000.00E+00  0000.00E+00  0000.00E+00  0000.00E+00  0000.00E+00  0000.00E+00  0000.00E+00  0000.00E+00  0000.00E+00  0000.00E+00  0000.00E+00  
330000.E+02  3395.00E-10  0000.00E+00  0000.00E+00  0000.00E+00  0000.00E+00  0000.00E+00  0000.00E+00  0000.00E+00  0000.00E+00  1222.00E-10  6160.00E-11  3727.00E-10  1535.00E-10  3640.00E-11  3577.00E-10  1400.00E-12  1400.00E-12  0000.00E+00  0000.00E+00  0000.00E+00  0000.00E+00  0000.00E+00  0000.00E+00  0000.00E+00  0000.00E+00  0000.00E+00  0000.00E+00  0000.00E+00  0000.00E+00  0000.00E+00  0000.00E+00  0000.00E+00  0000.00E+00  
340000.E+02  3410.00E-10  0000.00E+00  0000.00E+00  0000.00E+00  0000.00E+00  0000.00E+00  0000.00E+00  0000.00E+00  0000.00E+00  1122.00E-10  5770.00E-11  3115.00E-10  1447.00E-10  3450.00E-11  3302.00E-10  1000.00E-12  1800.00E-12  0000.00E+00  0000.00E+00  0000.00E+00  0000.00E+00  0000.00E+00  0000.00E+00  0000.00E+00  0000.00E+00  0000.00E+00  0000.00E+00  0000.00E+00  0000.00E+00  0000.00E+00  0000.00E+00  0000.00E+00  0000.00E+00  
350000.E+02  3487.00E-10  0000.00E+00  0000.00E+00  0000.00E+00  0000.00E+00  0000.00E+00  0000.00E+00  0000.00E+00  0000.00E+00  1240.00E-10  6400.00E-11  3613.00E-10  1509.00E-10  3800.00E-11  3650.00E-10  1700.00E-12  1200.00E-12  0000.00E+00  0000.00E+00  0000.00E+00  0000.00E+00  0000.00E+00  0000.00E+00  0000.00E+00  0000.00E+00  0000.00E+00  0000.00E+00  0000.00E+00  0000.00E+00  0000.00E+00  0000.00E+00  0000.00E+00  0000.00E+00  
360000.E+02  3406.00E-10  0000.00E+00  0000.00E+00  0000.00E+00  0000.00E+00  0000.00E+00  0000.00E+00  0000.00E+00  0000.00E+00  1205.00E-10  6240.00E-11  3325.00E-10  1386.00E-10  3570.00E-11  3457.00E-10  1100.00E-12  1100.00E-12  0000.00E+00  0000.00E+00  0000.00E+00  0000.00E+00  0000.00E+00  0000.00E+00  0000.00E+00  0000.00E+00  0000.00E+00  0000.00E+00  0000.00E+00  0000.00E+00  0000.00E+00  0000.00E+00  0000.00E+00  0000.00E+00  
370000.E+02  3554.00E-10  0000.00E+00  0000.00E+00  0000.00E+00  0000.00E+00  0000.00E+00  0000.00E+00  0000.00E+00  0000.00E+00  1207.00E-10  6010.00E-11  3505.00E-10  1467.00E-10  3400.00E-11  3515.00E-10  1400.00E-12  1100.00E-12  0000.00E+00  0000.00E+00  0000.00E+00  0000.00E+00  0000.00E+00  0000.00E+00  0000.00E+00  0000.00E+00  0000.00E+00  0000.00E+00  0000.00E+00  0000.00E+00  0000.00E+00  0000.00E+00  0000.00E+00  0000.00E+00  
380000.E+02  3492.00E-10  0000.00E+00  0000.00E+00  0000.00E+00  0000.00E+00  0000.00E+00  0000.00E+00  0000.00E+00  0000.00E+00  1496.00E-10  8040.00E-11  4789.00E-10  1887.00E-10  4590.00E-11  4633.00E-10  2300.00E-12  1600.00E-12  0000.00E+00  0000.00E+00  0000.00E+00  0000.00E+00  0000.00E+00  0000.00E+00  0000.00E+00  0000.00E+00  0000.00E+00  0000.00E+00  0000.00E+00  0000.00E+00  0000.00E+00  0000.00E+00  0000.00E+00  0000.00E+00  
390000.E+02  3702.00E-10  0000.00E+00  0000.00E+00  0000.00E+00  0000.00E+00  0000.00E+00  0000.00E+00  0000.00E+00  0000.00E+00  1277.00E-10  6850.00E-11  3836.00E-10  1568.00E-10  3680.00E-11  3776.00E-10  3500.00E-12  1400.00E-12  0000.00E+00  0000.00E+00  0000.00E+00  0000.00E+00  0000.00E+00  0000.00E+00  0000.00E+00  0000.00E+00  0000.00E+00  0000.00E+00  0000.00E+00  0000.00E+00  0000.00E+00  0000.00E+00  0000.00E+00  0000.00E+00  
400000.E+02  3603.00E-10  0000.00E+00  0000.00E+00  0000.00E+00  0000.00E+00  0000.00E+00  0000.00E+00  0000.00E+00  0000.00E+00  1346.00E-10  7110.00E-11  4041.00E-10  1668.00E-10  4030.00E-11  3959.00E-10  1700.00E-12  1600.00E-12  0000.00E+00  0000.00E+00  0000.00E+00  0000.00E+00  0000.00E+00  0000.00E+00  0000.00E+00  0000.00E+00  0000.00E+00  0000.00E+00  0000.00E+00  0000.00E+00  0000.00E+00  0000.00E+00  0000.00E+00  0000.00E+00  
410000.E+02  3653.00E-10  0000.00E+00  0000.00E+00  0000.00E+00  0000.00E+00  0000.00E+00  0000.00E+00  0000.00E+00  0000.00E+00  1319.00E-10  6390.00E-11  4171.00E-10  1594.00E-10  4170.00E-11  3835.00E-10  2100.00E-12  2100.00E-12  0000.00E+00  0000.00E+00  0000.00E+00  0000.00E+00  0000.00E+00  0000.00E+00  0000.00E+00  0000.00E+00  0000.00E+00  0000.00E+00  0000.00E+00  0000.00E+00  0000.00E+00  0000.00E+00  0000.00E+00  0000.00E+00  
420000.E+02  3681.00E-10  0000.00E+00  0000.00E+00  0000.00E+00  0000.00E+00  0000.00E+00  0000.00E+00  0000.00E+00  0000.00E+00  1261.00E-10  6260.00E-11  3578.00E-10  1466.00E-10  3740.00E-11  3516.00E-10  2200.00E-12  1300.00E-12  0000.00E+00  0000.00E+00  0000.00E+00  0000.00E+00  0000.00E+00  0000.00E+00  0000.00E+00  0000.00E+00  0000.00E+00  0000.00E+00  0000.00E+00  0000.00E+00  0000.00E+00  0000.00E+00  0000.00E+00  0000.00E+00  
430000.E+02  3796.00E-10  0000.00E+00  0000.00E+00  0000.00E+00  0000.00E+00  0000.00E+00  0000.00E+00  0000.00E+00  0000.00E+00  1469.00E-10  7590.00E-11  4207.00E-10  1755.00E-10  4880.00E-11  4273.00E-10  3000.00E-12  1400.00E-12  0000.00E+00  0000.00E+00  0000.00E+00  0000.00E+00  0000.00E+00  0000.00E+00  0000.00E+00  0000.00E+00  0000.00E+00  0000.00E+00  0000.00E+00  0000.00E+00  0000.00E+00  0000.00E+00  0000.00E+00  0000.00E+00  
440000.E+02  3859.00E-10  0000.00E+00  0000.00E+00  0000.00E+00  0000.00E+00  0000.00E+00  0000.00E+00  0000.00E+00  0000.00E+00  1250.00E-10  6430.00E-11  3717.00E-10  1552.00E-10  3900.00E-11  3749.00E-10  3100.00E-12  1400.00E-12  0000.00E+00  0000.00E+00  0000.00E+00  0000.00E+00  0000.00E+00  0000.00E+00  0000.00E+00  0000.00E+00  0000.00E+00  0000.00E+00  0000.00E+00  0000.00E+00  0000.00E+00  0000.00E+00  0000.00E+00  0000.00E+00  
450000.E+02  3963.00E-10  0000.00E+00  0000.00E+00  0000.00E+00  0000.00E+00  0000.00E+00  0000.00E+00  0000.00E+00  0000.00E+00  1299.00E-10  7200.00E-11  3766.00E-10  1544.00E-10  3780.00E-11  3833.00E-10  2400.00E-12  1400.00E-12  0000.00E+00  0000.00E+00  0000.00E+00  0000.00E+00  0000.00E+00  0000.00E+00  0000.00E+00  0000.00E+00  0000.00E+00  0000.00E+00  0000.00E+00  0000.00E+00  0000.00E+00  0000.00E+00  0000.00E+00  0000.00E+00  
460000.E+02  3973.00E-10  0000.00E+00  0000.00E+00  0000.00E+00  0000.00E+00  0000.00E+00  0000.00E+00  0000.00E+00  0000.00E+00  1771.00E-10  9340.00E-11  5854.00E-10  2351.00E-10  6020.00E-11  5533.00E-10  2000.00E-12  2200.00E-12  0000.00E+00  0000.00E+00  0000.00E+00  0000.00E+00  0000.00E+00  0000.00E+00  0000.00E+00  0000.00E+00  0000.00E+00  0000.00E+00  0000.00E+00  0000.00E+00  0000.00E+00  0000.00E+00  0000.00E+00  0000.00E+00  
470000.E+02  3994.00E-10  0000.00E+00  0000.00E+00  0000.00E+00  0000.00E+00  0000.00E+00  0000.00E+00  0000.00E+00  0000.00E+00  1565.00E-10  7690.00E-11  4572.00E-10  1870.00E-10  4340.00E-11  4427.00E-10  2500.00E-12  1900.00E-12  0000.00E+00  0000.00E+00  0000.00E+00  0000.00E+00  0000.00E+00  0000.00E+00  0000.00E+00  0000.00E+00  0000.00E+00  0000.00E+00  0000.00E+00  0000.00E+00  0000.00E+00  0000.00E+00  0000.00E+00  0000.00E+00  
480000.E+02  4151.00E-10  0000.00E+00  0000.00E+00  0000.00E+00  0000.00E+00  0000.00E+00  0000.00E+00  0000.00E+00  0000.00E+00  1554.00E-10  8030.00E-11  4727.00E-10  1843.00E-10  4370.00E-11  4513.00E-10  3300.00E-12  2300.00E-12  0000.00E+00  0000.00E+00  0000.00E+00  0000.00E+00  0000.00E+00  0000.00E+00  0000.00E+00  0000.00E+00  0000.00E+00  0000.00E+00  0000.00E+00  0000.00E+00  0000.00E+00  0000.00E+00  0000.00E+00  0000.00E+00  
490000.E+02  4305.00E-10  0000.00E+00  0000.00E+00  0000.00E+00  0000.00E+00  0000.00E+00  0000.00E+00  0000.00E+00  0000.00E+00  1526.00E-10  7820.00E-11  4449.00E-10  1784.00E-10  4610.00E-11  4412.00E-10  3000.00E-12  1600.00E-12  0000.00E+00  0000.00E+00  0000.00E+00  0000.00E+00  0000.00E+00  0000.00E+00  0000.00E+00  0000.00E+00  0000.00E+00  0000.00E+00  0000.00E+00  0000.00E+00  0000.00E+00  0000.00E+00  0000.00E+00  0000.00E+00  
500000.E+02  4619.00E-10  0000.00E+00  0000.00E+00  0000.00E+00  0000.00E+00  0000.00E+00  0000.00E+00  0000.00E+00  0000.00E+00  1776.00E-10  9660.00E-11  5358.00E-10  2176.00E-10  5360.00E-11  5289.00E-10  3500.00E-12  2300.00E-12  0000.00E+00  0000.00E+00  0000.00E+00  0000.00E+00  0000.00E+00  0000.00E+00  0000.00E+00  0000.00E+00  0000.00E+00  0000.00E+00  0000.00E+00  0000.00E+00  0000.00E+00  0000.00E+00  0000.00E+00  0000.00E+00  
510000.E+02  3314.00E-10  0000.00E+00  0000.00E+00  0000.00E+00  0000.00E+00  0000.00E+00  0000.00E+00  0000.00E+00  0000.00E+00  0000.00E+00  0000.00E+00  0000.00E+00  0000.00E+00  0000.00E+00  0000.00E+00  0000.00E+00  0000.00E+00  2484.00E-10  5120.00E-11  5801.00E-10  4400.00E-12  1800.00E-12  1100.00E-12  3000.00E-13  1000.00E-12  0000.00E+00  0000.00E+00  0000.00E+00  0000.00E+00  0000.00E+00  0000.00E+00  0000.00E+00  0000.00E+00  
520000.E+02  3620.00E-10  0000.00E+00  0000.00E+00  0000.00E+00  0000.00E+00  0000.00E+00  0000.00E+00  0000.00E+00  0000.00E+00  0000.00E+00  0000.00E+00  0000.00E+00  0000.00E+00  0000.00E+00  0000.00E+00  0000.00E+00  0000.00E+00  2559.00E-10  5210.00E-11  6296.00E-10  5900.00E-12  1000.00E-12  7000.00E-13  4000.00E-13  5000.00E-13  0000.00E+00  0000.00E+00  0000.00E+00  0000.00E+00  0000.00E+00  0000.00E+00  0000.00E+00  0000.00E+00  
530000.E+02  3675.00E-10  0000.00E+00  0000.00E+00  0000.00E+00  0000.00E+00  0000.00E+00  0000.00E+00  0000.00E+00  0000.00E+00  0000.00E+00  0000.00E+00  0000.00E+00  0000.00E+00  0000.00E+00  0000.00E+00  0000.00E+00  0000.00E+00  2708.00E-10  4940.00E-11  6358.00E-10  5400.00E-12  7000.00E-13  1100.00E-12  4000.00E-13  8000.00E-13  0000.00E+00  0000.00E+00  0000.00E+00  0000.00E+00  0000.00E+00  0000.00E+00  0000.00E+00  0000.00E+00  
540000.E+02  3796.00E-10  0000.00E+00  0000.00E+00  0000.00E+00  0000.00E+00  0000.00E+00  0000.00E+00  0000.00E+00  0000.00E+00  0000.00E+00  0000.00E+00  0000.00E+00  0000.00E+00  0000.00E+00  0000.00E+00  0000.00E+00  0000.00E+00  3415.00E-10  6390.00E-11  7771.00E-10  5400.00E-12  1300.00E-12  1400.00E-12  1000.00E-12  2000.00E-13  0000.00E+00  0000.00E+00  0000.00E+00  0000.00E+00  0000.00E+00  0000.00E+00  0000.00E+00  0000.00E+00  
550000.E+02  3802.00E-10  0000.00E+00  0000.00E+00  0000.00E+00  0000.00E+00  0000.00E+00  0000.00E+00  0000.00E+00  0000.00E+00  0000.00E+00  0000.00E+00  0000.00E+00  0000.00E+00  0000.00E+00  0000.00E+00  0000.00E+00  0000.00E+00  2742.00E-10  5300.00E-11  6214.00E-10  5300.00E-12  1000.00E-12  1000.00E-12  1400.00E-12  5000.00E-13  0000.00E+00  0000.00E+00  0000.00E+00  0000.00E+00  0000.00E+00  0000.00E+00  0000.00E+00  0000.00E+00  
560000.E+02  3966.00E-10  0000.00E+00  0000.00E+00  0000.00E+00  0000.00E+00  0000.00E+00  0000.00E+00  0000.00E+00  0000.00E+00  0000.00E+00  0000.00E+00  0000.00E+00  0000.00E+00  0000.00E+00  0000.00E+00  0000.00E+00  0000.00E+00  3096.00E-10  5740.00E-11  6903.00E-10  6300.00E-12  1000.00E-12  6000.00E-13  1000.00E-12  5000.00E-13  0000.00E+00  0000.00E+00  0000.00E+00  0000.00E+00  0000.00E+00  0000.00E+00  0000.00E+00  0000.00E+00  
570000.E+02  3876.00E-10  0000.00E+00  0000.00E+00  0000.00E+00  0000.00E+00  0000.00E+00  0000.00E+00  0000.00E+00  0000.00E+00  0000.00E+00  0000.00E+00  0000.00E+00  0000.00E+00  0000.00E+00  0000.00E+00  0000.00E+00  0000.00E+00  2593.00E-10  4890.00E-11  5958.00E-10  4400.00E-12  9000.00E-13  9000.00E-13  8000.00E-13  9000.00E-13  0000.00E+00  0000.00E+00  0000.00E+00  0000.00E+00  0000.00E+00  0000.00E+00  0000.00E+00  0000.00E+00  
580000.E+02  3997.00E-10  0000.00E+00  0000.00E+00  0000.00E+00  0000.00E+00  0000.00E+00  0000.00E+00  0000.00E+00  0000.00E+00  0000.00E+00  0000.00E+00  0000.00E+00  0000.00E+00  0000.00E+00  0000.00E+00  0000.00E+00  0000.00E+00  2972.00E-10  5480.00E-11  6942.00E-10  5100.00E-12  1300.00E-12  8000.00E-13  1000.00E-12  1000.00E-12  0000.00E+00  0000.00E+00  0000.00E+00  0000.00E+00  0000.00E+00  0000.00E+00  0000.00E+00  0000.00E+00  
590000.E+02  4174.00E-10  0000.00E+00  0000.00E+00  0000.00E+00  0000.00E+00  0000.00E+00  0000.00E+00  0000.00E+00  0000.00E+00  0000.00E+00  0000.00E+00  0000.00E+00  0000.00E+00  0000.00E+00  0000.00E+00  0000.00E+00  0000.00E+00  2651.00E-10  5220.00E-11  6218.00E-10  4400.00E-12  1300.00E-12  5000.00E-13  6000.00E-13  7000.00E-13  0000.00E+00  0000.00E+00  0000.00E+00  0000.00E+00  0000.00E+00  0000.00E+00  0000.00E+00  0000.00E+00  
600000.E+02  4155.00E-10  0000.00E+00  0000.00E+00  0000.00E+00  0000.00E+00  0000.00E+00  0000.00E+00  0000.00E+00  0000.00E+00  0000.00E+00  0000.00E+00  0000.00E+00  0000.00E+00  0000.00E+00  0000.00E+00  0000.00E+00  0000.00E+00  2944.00E-10  5610.00E-11  6799.00E-10  5700.00E-12  1400.00E-12  8000.00E-13  4000.00E-13  4000.00E-13  0000.00E+00  0000.00E+00  0000.00E+00  0000.00E+00  0000.00E+00  0000.00E+00  0000.00E+00  0000.00E+00  
610000.E+02  4168.00E-10  0000.00E+00  0000.00E+00  0000.00E+00  0000.00E+00  0000.00E+00  0000.00E+00  0000.00E+00  0000.00E+00  0000.00E+00  0000.00E+00  0000.00E+00  0000.00E+00  0000.00E+00  0000.00E+00  0000.00E+00  0000.00E+00  2966.00E-10  5560.00E-11  6931.00E-10  6100.00E-12  1300.00E-12  8000.00E-13  4000.00E-13  6000.00E-13  0000.00E+00  0000.00E+00  0000.00E+00  0000.00E+00  0000.00E+00  0000.00E+00  0000.00E+00  0000.00E+00  
620000.E+02  4349.00E-10  0000.00E+00  0000.00E+00  0000.00E+00  0000.00E+00  0000.00E+00  0000.00E+00  0000.00E+00  0000.00E+00  0000.00E+00  0000.00E+00  0000.00E+00  0000.00E+00  0000.00E+00  0000.00E+00  0000.00E+00  0000.00E+00  3083.00E-10  6340.00E-11  7048.00E-10  4800.00E-12  7000.00E-13  1100.00E-12  1200.00E-12  5000.00E-13  0000.00E+00  0000.00E+00  0000.00E+00  0000.00E+00  0000.00E+00  0000.00E+00  0000.00E+00  0000.00E+00  
630000.E+02  4339.00E-10  0000.00E+00  0000.00E+00  0000.00E+00  0000.00E+00  0000.00E+00  0000.00E+00  0000.00E+00  0000.00E+00  0000.00E+00  0000.00E+00  0000.00E+00  0000.00E+00  0000.00E+00  0000.00E+00  0000.00E+00  0000.00E+00  3403.00E-10  7380.00E-11  7764.00E-10  6100.00E-12  1600.00E-12  7000.00E-13  7000.00E-13  8000.00E-13  0000.00E+00  0000.00E+00  0000.00E+00  0000.00E+00  0000.00E+00  0000.00E+00  0000.00E+00  0000.00E+00  
640000.E+02  4369.00E-10  0000.00E+00  0000.00E+00  0000.00E+00  0000.00E+00  0000.00E+00  0000.00E+00  0000.00E+00  0000.00E+00  0000.00E+00  0000.00E+00  0000.00E+00  0000.00E+00  0000.00E+00  0000.00E+00  0000.00E+00  0000.00E+00  3462.00E-10  6980.00E-11  8480.00E-10  6100.00E-12  1900.00E-12  1000.00E-12  1300.00E-12  6000.00E-13  0000.00E+00  0000.00E+00  0000.00E+00  0000.00E+00  0000.00E+00  0000.00E+00  0000.00E+00  0000.00E+00  
650000.E+02  4419.00E-10  0000.00E+00  0000.00E+00  0000.00E+00  0000.00E+00  0000.00E+00  0000.00E+00  0000.00E+00  0000.00E+00  0000.00E+00  0000.00E+00  0000.00E+00  0000.00E+00  0000.00E+00  0000.00E+00  0000.00E+00  0000.00E+00  3158.00E-10  5770.00E-11  7300.00E-10  6000.00E-12  8000.00E-13  1000.00E-12  7000.00E-13  8000.00E-13  0000.00E+00  0000.00E+00  0000.00E+00  0000.00E+00  0000.00E+00  0000.00E+00  0000.00E+00  0000.00E+00  
660000.E+02  4551.00E-10  0000.00E+00  0000.00E+00  0000.00E+00  0000.00E+00  0000.00E+00  0000.00E+00  0000.00E+00  0000.00E+00  0000.00E+00  0000.00E+00  0000.00E+00  0000.00E+00  0000.00E+00  0000.00E+00  0000.00E+00  0000.00E+00  3652.00E-10  7390.00E-11  8337.00E-10  6500.00E-12  1400.00E-12  8000.00E-13  4000.00E-13  5000.00E-13  0000.00E+00  0000.00E+00  0000.00E+00  0000.00E+00  0000.00E+00  0000.00E+00  0000.00E+00  0000.00E+00  
670000.E+02  4562.00E-10  0000.00E+00  0000.00E+00  0000.00E+00  0000.00E+00  0000.00E+00  0000.00E+00  0000.00E+00  0000.00E+00  0000.00E+00  0000.00E+00  0000.00E+00  0000.00E+00  0000.00E+00  0000.00E+00  0000.00E+00  0000.00E+00  3335.00E-10  6390.00E-11  8198.00E-10  6600.00E-12  1500.00E-12  5000.00E-13  8000.00E-13  1000.00E-12  0000.00E+00  0000.00E+00  0000.00E+00  0000.00E+00  0000.00E+00  0000.00E+00  0000.00E+00  0000.00E+00  
680000.E+02  4822.00E-10  0000.00E+00  0000.00E+00  0000.00E+00  0000.00E+00  0000.00E+00  0000.00E+00  0000.00E+00  0000.00E+00  0000.00E+00  0000.00E+00  0000.00E+00  0000.00E+00  0000.00E+00  0000.00E+00  0000.00E+00  0000.00E+00  3623.00E-10  7810.00E-11  9273.00E-10  7600.00E-12  1000.00E-12  8000.00E-13  7000.00E-13  8000.00E-13  0000.00E+00  0000.00E+00  0000.00E+00  0000.00E+00  0000.00E+00  0000.00E+00  0000.00E+00  0000.00E+00  
690000.E+02  4697.00E-10  0000.00E+00  0000.00E+00  0000.00E+00  0000.00E+00  0000.00E+00  0000.00E+00  0000.00E+00  0000.00E+00  0000.00E+00  0000.00E+00  0000.00E+00  0000.00E+00  0000.00E+00  0000.00E+00  0000.00E+00  0000.00E+00  3456.00E-10  6720.00E-11  8119.00E-10  5400.00E-12  1000.00E-12  9000.00E-13  5000.00E-13  8000.00E-13  0000.00E+00  0000.00E+00  0000.00E+00  0000.00E+00  0000.00E+00  0000.00E+00  0000.00E+00  0000.00E+00  
700000.E+02  4970.00E-10  0000.00E+00  0000.00E+00  0000.00E+00  0000.00E+00  0000.00E+00  0000.00E+00  0000.00E+00  0000.00E+00  0000.00E+00  0000.00E+00  0000.00E+00  0000.00E+00  0000.00E+00  0000.00E+00  0000.00E+00  0000.00E+00  4124.00E-10  8560.00E-11  9743.00E-10  8000.00E-12  1700.00E-12  8000.00E-13  9000.00E-13  1000.00E-12  0000.00E+00  0000.00E+00  0000.00E+00  0000.00E+00  0000.00E+00  0000.00E+00  0000.00E+00  0000.00E+00  
710000.E+02  5080.00E-10  0000.00E+00  0000.00E+00  0000.00E+00  0000.00E+00  0000.00E+00  0000.00E+00  0000.00E+00  0000.00E+00  0000.00E+00  0000.00E+00  0000.00E+00  0000.00E+00  0000.00E+00  0000.00E+00  0000.00E+00  0000.00E+00  3987.00E-10  7530.00E-11  9094.00E-10  7400.00E-12  1300.00E-12  9000.00E-13  8000.00E-13  1000.00E-12  0000.00E+00  0000.00E+00  0000.00E+00  0000.00E+00  0000.00E+00  0000.00E+00  0000.00E+00  0000.00E+00  
720000.E+02  5112.00E-10  0000.00E+00  0000.00E+00  0000.00E+00  0000.00E+00  0000.00E+00  0000.00E+00  0000.00E+00  0000.00E+00  0000.00E+00  0000.00E+00  0000.00E+00  0000.00E+00  0000.00E+00  0000.00E+00  0000.00E+00  0000.00E+00  4100.00E-10  7360.00E-11  9500.00E-10  7800.00E-12  1500.00E-12  1100.00E-12  1100.00E-12  8000.00E-13  0000.00E+00  0000.00E+00  0000.00E+00  0000.00E+00  0000.00E+00  0000.00E+00  0000.00E+00  0000.00E+00  
730000.E+02  5411.00E-10  0000.00E+00  0000.00E+00  0000.00E+00  0000.00E+00  0000.00E+00  0000.00E+00  0000.00E+00  0000.00E+00  0000.00E+00  0000.00E+00  0000.00E+00  0000.00E+00  0000.00E+00  0000.00E+00  0000.00E+00  0000.00E+00  4519.00E-10  8870.00E-11  1061.20E-09  8200.00E-12  1800.00E-12  1400.00E-12  9000.00E-13  1000.00E-12  0000.00E+00  0000.00E+00  0000.00E+00  0000.00E+00  0000.00E+00  0000.00E+00  0000.00E+00  0000.00E+00  
740000.E+02  5343.00E-10  0000.00E+00  0000.00E+00  0000.00E+00  0000.00E+00  0000.00E+00  0000.00E+00  0000.00E+00  0000.00E+00  0000.00E+00  0000.00E+00  0000.00E+00  0000.00E+00  0000.00E+00  0000.00E+00  0000.00E+00  0000.00E+00  3755.00E-10  7030.00E-11  8832.00E-10  6400.00E-12  1000.00E-12  1500.00E-12  1000.00E-12  9000.00E-13  0000.00E+00  0000.00E+00  0000.00E+00  0000.00E+00  0000.00E+00  0000.00E+00  0000.00E+00  0000.00E+00  
750000.E+02  5424.00E-10  0000.00E+00  0000.00E+00  0000.00E+00  0000.00E+00  0000.00E+00  0000.00E+00  0000.00E+00  0000.00E+00  0000.00E+00  0000.00E+00  0000.00E+00  0000.00E+00  0000.00E+00  0000.00E+00  0000.00E+00  0000.00E+00  4375.00E-10  8850.00E-11  1097.60E-09  7700.00E-12  1500.00E-12  1800.00E-12  1400.00E-12  1600.00E-12  0000.00E+00  0000.00E+00  0000.00E+00  0000.00E+00  0000.00E+00  0000.00E+00  0000.00E+00  0000.00E+00  
760000.E+02  5797.00E-10  0000.00E+00  0000.00E+00  0000.00E+00  0000.00E+00  0000.00E+00  0000.00E+00  0000.00E+00  0000.00E+00  0000.00E+00  0000.00E+00  0000.00E+00  0000.00E+00  0000.00E+00  0000.00E+00  0000.00E+00  0000.00E+00  4722.00E-10  9180.00E-11  1167.90E-09  1120.00E-11  2100.00E-12  9000.00E-13  1200.00E-12  9000.00E-13  0000.00E+00  0000.00E+00  0000.00E+00  0000.00E+00  0000.00E+00  0000.00E+00  0000.00E+00  0000.00E+00  
770000.E+02  5966.00E-10  0000.00E+00  0000.00E+00  0000.00E+00  0000.00E+00  0000.00E+00  0000.00E+00  0000.00E+00  0000.00E+00  0000.00E+00  0000.00E+00  0000.00E+00  0000.00E+00  0000.00E+00  0000.00E+00  0000.00E+00  0000.00E+00  5033.00E-10  9600.00E-11  1127.20E-09  7800.00E-12  2400.00E-12  1000.00E-12  1300.00E-12  1900.00E-12  0000.00E+00  0000.00E+00  0000.00E+00  0000.00E+00  0000.00E+00  0000.00E+00  0000.00E+00  0000.00E+00  
780000.E+02  6145.00E-10  0000.00E+00  0000.00E+00  0000.00E+00  0000.00E+00  0000.00E+00  0000.00E+00  0000.00E+00  0000.00E+00  0000.00E+00  0000.00E+00  0000.00E+00  0000.00E+00  0000.00E+00  0000.00E+00  0000.00E+00  0000.00E+00  4749.00E-10  9110.00E-11  1103.00E-09  8400.00E-12  1400.00E-12  1400.00E-12  1100.00E-12  1300.00E-12  0000.00E+00  0000.00E+00  0000.00E+00  0000.00E+00  0000.00E+00  0000.00E+00  0000.00E+00  0000.00E+00  
790000.E+02  6295.00E-10  0000.00E+00  0000.00E+00  0000.00E+00  0000.00E+00  0000.00E+00  0000.00E+00  0000.00E+00  0000.00E+00  0000.00E+00  0000.00E+00  0000.00E+00  0000.00E+00  0000.00E+00  0000.00E+00  0000.00E+00  0000.00E+00  5006.00E-10  1024.00E-10  1197.60E-09  1040.00E-11  2500.00E-12  1100.00E-12  1500.00E-12  1600.00E-12  0000.00E+00  0000.00E+00  0000.00E+00  0000.00E+00  0000.00E+00  0000.00E+00  0000.00E+00  0000.00E+00  
800000.E+02  6880.00E-10  0000.00E+00  0000.00E+00  0000.00E+00  0000.00E+00  0000.00E+00  0000.00E+00  0000.00E+00  0000.00E+00  0000.00E+00  0000.00E+00  0000.00E+00  0000.00E+00  0000.00E+00  0000.00E+00  0000.00E+00  0000.00E+00  5651.00E-10  1177.00E-10  1337.10E-09  8200.00E-12  2400.00E-12  1400.00E-12  8000.00E-13  1700.00E-12  0000.00E+00  0000.00E+00  0000.00E+00  0000.00E+00  0000.00E+00  0000.00E+00  0000.00E+00  0000.00E+00  
810000.E+02  6580.00E-10  0000.00E+00  0000.00E+00  0000.00E+00  0000.00E+00  0000.00E+00  0000.00E+00  0000.00E+00  0000.00E+00  0000.00E+00  0000.00E+00  0000.00E+00  0000.00E+00  0000.00E+00  0000.00E+00  0000.00E+00  0000.00E+00  1000.00E-13  0000.00E+00  1000.00E-13  0000.00E+00  0000.00E+00  0000.00E+00  0000.00E+00  0000.00E+00  5050.00E-10  1007.00E-10  1179.70E-09  1020.00E-11  1700.00E-12  2400.00E-12  1900.00E-12  1100.00E-12  
820000.E+02  7428.00E-10  0000.00E+00  0000.00E+00  0000.00E+00  0000.00E+00  0000.00E+00  0000.00E+00  0000.00E+00  0000.00E+00  0000.00E+00  0000.00E+00  0000.00E+00  0000.00E+00  0000.00E+00  0000.00E+00  0000.00E+00  0000.00E+00  0000.00E+00  0000.00E+00  0000.00E+00  0000.00E+00  0000.00E+00  0000.00E+00  0000.00E+00  0000.00E+00  5678.00E-10  1067.00E-10  1318.70E-09  1340.00E-11  1700.00E-12  1700.00E-12  9000.00E-13  1200.00E-12  
830000.E+02  7500.00E-10  0000.00E+00  0000.00E+00  0000.00E+00  0000.00E+00  0000.00E+00  0000.00E+00  0000.00E+00  0000.00E+00  0000.00E+00  0000.00E+00  0000.00E+00  0000.00E+00  0000.00E+00  0000.00E+00  0000.00E+00  0000.00E+00  0000.00E+00  0000.00E+00  0000.00E+00  0000.00E+00  0000.00E+00  0000.00E+00  0000.00E+00  0000.00E+00  6049.00E-10  1167.00E-10  1455.40E-09  1190.00E-11  1900.00E-12  9000.00E-13  1400.00E-12  1200.00E-12  
840000.E+02  7924.00E-10  0000.00E+00  0000.00E+00  0000.00E+00  0000.00E+00  0000.00E+00  0000.00E+00  0000.00E+00  0000.00E+00  0000.00E+00  0000.00E+00  0000.00E+00  0000.00E+00  0000.00E+00  0000.00E+00  0000.00E+00  0000.00E+00  0000.00E+00  0000.00E+00  0000.00E+00  0000.00E+00  0000.00E+00  0000.00E+00  0000.00E+00  0000.00E+00  5936.00E-10  1103.00E-10  1350.90E-09  1130.00E-11  1600.00E-12  1200.00E-12  1800.00E-12  1500.00E-12  
850000.E+02  8423.00E-10  0000.00E+00  0000.00E+00  0000.00E+00  0000.00E+00  0000.00E+00  0000.00E+00  0000.00E+00  0000.00E+00  0000.00E+00  0000.00E+00  0000.00E+00  0000.00E+00  0000.00E+00  0000.00E+00  0000.00E+00  0000.00E+00  0000.00E+00  0000.00E+00  0000.00E+00  0000.00E+00  0000.00E+00  0000.00E+00  0000.00E+00  0000.00E+00  6491.00E-10  1233.00E-10  1522.20E-09  1110.00E-11  2000.00E-12  2900.00E-12  1900.00E-12  1600.00E-12  
860000.E+02  9020.00E-10  0000.00E+00  0000.00E+00  0000.00E+00  0000.00E+00  0000.00E+00  0000.00E+00  0000.00E+00  0000.00E+00  0000.00E+00  0000.00E+00  0000.00E+00  0000.00E+00  0000.00E+00  0000.00E+00  0000.00E+00  0000.00E+00  0000.00E+00  0000.00E+00  0000.00E+00  0000.00E+00  0000.00E+00  0000.00E+00  0000.00E+00  0000.00E+00  6639.00E-10  1285.00E-10  1519.60E-09  1220.00E-11  2400.00E-12  2200.00E-12  1100.00E-12  1100.00E-12  
870000.E+02  9591.00E-10  0000.00E+00  0000.00E+00  0000.00E+00  0000.00E+00  0000.00E+00  0000.00E+00  0000.00E+00  0000.00E+00  0000.00E+00  0000.00E+00  0000.00E+00  0000.00E+00  0000.00E+00  0000.00E+00  0000.00E+00  0000.00E+00  0000.00E+00  0000.00E+00  0000.00E+00  0000.00E+00  0000.00E+00  0000.00E+00  0000.00E+00  0000.00E+00  7838.00E-10  1578.00E-10  1871.70E-09  1480.00E-11  2400.00E-12  3200.00E-12  1700.00E-12  2100.00E-12  
880000.E+02  1046.30E-09  0000.00E+00  0000.00E+00  0000.00E+00  0000.00E+00  0000.00E+00  0000.00E+00  0000.00E+00  0000.00E+00  0000.00E+00  0000.00E+00  0000.00E+00  0000.00E+00  0000.00E+00  0000.00E+00  0000.00E+00  0000.00E+00  0000.00E+00  0000.00E+00  0000.00E+00  0000.00E+00  0000.00E+00  0000.00E+00  0000.00E+00  0000.00E+00  7837.00E-10  1524.00E-10  1814.60E-09  1430.00E-11  2300.00E-12  2800.00E-12  1900.00E-12  1700.00E-12  
890000.E+02  1160.60E-09  0000.00E+00  0000.00E+00  0000.00E+00  0000.00E+00  0000.00E+00  0000.00E+00  0000.00E+00  0000.00E+00  0000.00E+00  0000.00E+00  0000.00E+00  0000.00E+00  0000.00E+00  0000.00E+00  0000.00E+00  0000.00E+00  0000.00E+00  0000.00E+00  0000.00E+00  0000.00E+00  0000.00E+00  0000.00E+00  0000.00E+00  0000.00E+00  8588.00E-10  1721.00E-10  2029.80E-09  1450.00E-11  4100.00E-12  3400.00E-12  1800.00E-12  1700.00E-12  
900000.E+02  1295.70E-09  0000.00E+00  0000.00E+00  0000.00E+00  0000.00E+00  0000.00E+00  0000.00E+00  0000.00E+00  0000.00E+00  0000.00E+00  0000.00E+00  0000.00E+00  0000.00E+00  0000.00E+00  0000.00E+00  0000.00E+00  0000.00E+00  0000.00E+00  0000.00E+00  0000.00E+00  0000.00E+00  0000.00E+00  0000.00E+00  0000.00E+00  0000.00E+00  9646.00E-10  1825.00E-10  2298.50E-09  1810.00E-11  3800.00E-12  3000.00E-12  2100.00E-12  2100.00E-12  
910000.E+02  1562.70E-09  0000.00E+00  0000.00E+00  0000.00E+00  0000.00E+00  0000.00E+00  0000.00E+00  0000.00E+00  0000.00E+00  0000.00E+00  0000.00E+00  0000.00E+00  0000.00E+00  0000.00E+00  0000.00E+00  0000.00E+00  0000.00E+00  0000.00E+00  0000.00E+00  0000.00E+00  0000.00E+00  0000.00E+00  0000.00E+00  0000.00E+00  0000.00E+00  1160.70E-09  2276.00E-10  2742.00E-09  2130.00E-11  3900.00E-12  4200.00E-12  3400.00E-12  2400.00E-12  
920000.E+02  2118.40E-09  0000.00E+00  0000.00E+00  0000.00E+00  0000.00E+00  0000.00E+00  0000.00E+00  0000.00E+00  0000.00E+00  0000.00E+00  0000.00E+00  0000.00E+00  0000.00E+00  0000.00E+00  0000.00E+00  0000.00E+00  0000.00E+00  0000.00E+00  0000.00E+00  0000.00E+00  0000.00E+00  0000.00E+00  0000.00E+00  0000.00E+00  0000.00E+00  1527.00E-09  3023.00E-10  3769.30E-09  2830.00E-11  7400.00E-12  4300.00E-12  4300.00E-12  3700.00E-12  
930000.E+02  3316.80E-09  0000.00E+00  0000.00E+00  0000.00E+00  0000.00E+00  0000.00E+00  0000.00E+00  0000.00E+00  0000.00E+00  0000.00E+00  0000.00E+00  0000.00E+00  0000.00E+00  0000.00E+00  0000.00E+00  0000.00E+00  0000.00E+00  0000.00E+00  0000.00E+00  0000.00E+00  0000.00E+00  0000.00E+00  0000.00E+00  0000.00E+00  0000.00E+00  2222.10E-09  4360.00E-10  5529.10E-09  4130.00E-11  8200.00E-12  5900.00E-12  5900.00E-12  4200.00E-12  
940000.E+02  4705.90E-09  0000.00E+00  0000.00E+00  0000.00E+00  0000.00E+00  0000.00E+00  0000.00E+00  0000.00E+00  0000.00E+00  0000.00E+00  0000.00E+00  0000.00E+00  0000.00E+00  0000.00E+00  0000.00E+00  0000.00E+00  0000.00E+00  0000.00E+00  0000.00E+00  0000.00E+00  0000.00E+00  0000.00E+00  0000.00E+00  0000.00E+00  0000.00E+00  2873.40E-09  5723.00E-10  7570.70E-09  5930.00E-11  1020.00E-11  7000.00E-12  6300.00E-12  5700.00E-12  
950000.E+02  5332.60E-09  0000.00E+00  0000.00E+00  0000.00E+00  0000.00E+00  0000.00E+00  0000.00E+00  0000.00E+00  0000.00E+00  0000.00E+00  0000.00E+00  0000.00E+00  0000.00E+00  0000.00E+00  0000.00E+00  0000.00E+00  0000.00E+00  0000.00E+00  0000.00E+00  0000.00E+00  0000.00E+00  0000.00E+00  0000.00E+00  0000.00E+00  0000.00E+00  2982.30E-09  6076.00E-10  8098.20E-09  5780.00E-11  1270.00E-11  9300.00E-12  7400.00E-12  7300.00E-12  
960000.E+02  4229.60E-09  0000.00E+00  0000.00E+00  0000.00E+00  0000.00E+00  0000.00E+00  0000.00E+00  0000.00E+00  0000.00E+00  0000.00E+00  0000.00E+00  0000.00E+00  0000.00E+00  0000.00E+00  0000.00E+00  0000.00E+00  0000.00E+00  0000.00E+00  0000.00E+00  0000.00E+00  0000.00E+00  0000.00E+00  0000.00E+00  0000.00E+00  0000.00E+00  2252.80E-09  4458.00E-10  6156.90E-09  4280.00E-11  6400.00E-12  6000.00E-12  5900.00E-12  4900.00E-12  
970000.E+02  2153.10E-09  0000.00E+00  0000.00E+00  0000.00E+00  0000.00E+00  0000.00E+00  0000.00E+00  0000.00E+00  0000.00E+00  0000.00E+00  0000.00E+00  0000.00E+00  0000.00E+00  0000.00E+00  0000.00E+00  0000.00E+00  0000.00E+00  0000.00E+00  0000.00E+00  0000.00E+00  0000.00E+00  0000.00E+00  0000.00E+00  0000.00E+00  0000.00E+00  1081.20E-09  2200.00E-10  3016.20E-09  2080.00E-11  4000.00E-12  4200.00E-12  2500.00E-12  2300.00E-12  
980000.E+02  7897.00E-10  0000.00E+00  0000.00E+00  0000.00E+00  0000.00E+00  0000.00E+00  0000.00E+00  0000.00E+00  0000.00E+00  0000.00E+00  0000.00E+00  0000.00E+00  0000.00E+00  0000.00E+00  0000.00E+00  0000.00E+00  0000.00E+00  0000.00E+00  0000.00E+00  0000.00E+00  0000.00E+00  0000.00E+00  0000.00E+00  0000.00E+00  0000.00E+00  4068.00E-10  7870.00E-11  1138.70E-09  7100.00E-12  1300.00E-12  1500.00E-12  9000.00E-13  4000.00E-13  
990000.E+02  2162.00E-10  0000.00E+00  0000.00E+00  0000.00E+00  0000.00E+00  0000.00E+00  0000.00E+00  0000.00E+00  0000.00E+00  0000.00E+00  0000.00E+00  0000.00E+00  0000.00E+00  0000.00E+00  0000.00E+00  0000.00E+00  0000.00E+00  0000.00E+00  0000.00E+00  0000.00E+00  0000.00E+00  0000.00E+00  0000.00E+00  0000.00E+00  0000.00E+00  9300.00E-11  1770.00E-11  2716.00E-10  1800.00E-12  5000.00E-13  6000.00E-13  4000.00E-13  3000.00E-13  
100000.E+03  2980.00E-11  0000.00E+00  0000.00E+00  0000.00E+00  0000.00E+00  0000.00E+00  0000.00E+00  0000.00E+00  0000.00E+00  0000.00E+00  0000.00E+00  0000.00E+00  0000.00E+00  0000.00E+00  0000.00E+00  0000.00E+00  0000.00E+00  0000.00E+00  0000.00E+00  0000.00E+00  0000.00E+00  0000.00E+00  0000.00E+00  0000.00E+00  0000.00E+00  1200.00E-11  3300.00E-12  3720.00E-11  2000.00E-13  3000.00E-13  1000.00E-13  0000.00E+00  0000.00E+00  

 To convert to Energy Lost - multiply by Average Binding Energy =  3  eV/Vacancy
