====== 100 keV H into GaAs (sputter) =======
        SRIM-2013.00
==========================================
    Ion and Target VACANCY production     
  See SRIM Outputs\TDATA.txt for calc. details
==========================================
====== TRIM Calc.=  H(100 keV) ==> GaAs(  2 um) ==============================
------------------------------------------------------------------------------
 See file :  SRIM Outputs\TDATA.txt for calculation data
 Ion    =  H   Energy = 100 keV
============= TARGET MATERIAL ======================================
Layer  1 : GaAs
Layer Width =     2.E+04 A ;
  Layer # 1- Density = 4.429E22 atoms/cm3 = 5.32 g/cm3
  Layer # 1- Ga = 50   Atomic Percent = 48.2 Mass Percent
  Layer # 1- As = 50   Atomic Percent = 51.7 Mass Percent
====================================================================
 Total Ions calculated =10000.00
 Total Target Vacancies     = 12 /Ion
 Total Target Displacements = 13 /Ion
 Total Target Replacement Collisions = 0 /Ion

!!!! NOTE : 2nd Column below is number of Primary Knock-Ons !!!!
           ( PKO are number of Target Atoms Recoiling from the Ion. )
==========================================================
  Table Units are  >>>> Vacancies/(Angstrom-Ion)  <<<<  
==========================================================
   TARGET    
   DEPTH          H           Ga           As       
   (Ang.)     Knock-Ons    Vacancies    Vacancies   
-----------  -----------  -----------  -----------  
200010.E-03  1500.00E-08  2550.00E-08  2400.00E-08  
400010.E-03  4500.00E-08  4900.00E-08  6450.00E-08  
600010.E-03  7599.99E-08  1205.00E-07  1020.00E-07  
800010.E-03  9699.99E-08  1620.00E-07  1600.00E-07  
100001.E-02  1495.00E-07  3020.02E-07  3205.03E-07  
120001.E-02  2095.00E-07  4065.05E-07  3995.04E-07  
140001.E-02  2580.01E-07  5845.09E-07  5780.08E-07  
160001.E-02  1675.00E-07  2605.01E-07  2840.02E-07  
180001.E-02  1750.00E-07  3740.04E-07  3985.04E-07  
200001.E-02  1860.00E-07  3690.04E-07  3840.04E-07  
220001.E-02  2110.00E-07  3005.02E-07  3135.02E-07  
240001.E-02  2105.00E-07  3960.04E-07  4075.05E-07  
260001.E-02  2165.00E-07  3980.04E-07  4320.05E-07  
280001.E-02  2275.00E-07  3755.04E-07  3665.04E-07  
300001.E-02  2390.01E-07  4300.05E-07  3960.04E-07  
320001.E-02  2330.01E-07  4015.04E-07  3680.04E-07  
340001.E-02  2375.01E-07  4265.05E-07  4305.05E-07  
360001.E-02  2885.02E-07  4850.06E-07  4795.06E-07  
380001.E-02  3025.02E-07  4725.06E-07  4550.06E-07  
400001.E-02  3510.03E-07  5870.09E-07  6150.09E-07  
420001.E-02  3565.03E-07  6300.10E-07  6230.09E-07  
440001.E-02  3635.04E-07  5825.09E-07  5745.08E-07  
460001.E-02  4175.05E-07  5375.08E-07  5820.09E-07  
480001.E-02  4125.05E-07  6205.09E-07  6380.10E-07  
500001.E-02  4460.05E-07  7350.12E-07  7465.12E-07  
520001.E-02  5305.07E-07  7770.13E-07  7820.13E-07  
540001.E-02  5780.08E-07  8615.15E-07  8530.15E-07  
560001.E-02  6375.10E-07  9120.16E-07  9230.16E-07  
580001.E-02  7065.11E-07  9695.17E-07  9350.17E-07  
600001.E-02  8445.15E-07  1077.52E-06  1091.02E-06  
620001.E-02  8930.16E-07  1186.52E-06  1194.52E-06  
640001.E-02  9825.18E-07  1157.52E-06  1234.52E-06  
660001.E-02  1148.52E-06  1299.02E-06  1325.03E-06  
680001.E-02  1192.52E-06  1376.53E-06  1330.53E-06  
700001.E-02  1330.03E-06  1477.03E-06  1431.53E-06  
720001.E-02  1426.03E-06  1567.53E-06  1478.03E-06  
740001.E-02  1485.03E-06  1504.03E-06  1531.53E-06  
760001.E-02  1407.03E-06  1385.03E-06  1395.53E-06  
780001.E-02  1402.53E-06  1303.53E-06  1297.02E-06  
800001.E-02  1278.52E-06  1157.52E-06  1218.52E-06  
820001.E-02  1076.02E-06  9550.17E-07  9420.17E-07  
840001.E-02  8700.15E-07  7315.12E-07  7070.11E-07  
860001.E-02  6245.10E-07  5035.07E-07  5255.07E-07  
880001.E-02  4785.06E-07  4065.05E-07  3820.04E-07  
900001.E-02  2925.02E-07  2190.00E-07  2385.01E-07  
920001.E-02  1835.00E-07  1485.00E-07  1320.00E-07  
940001.E-02  1210.00E-07  8199.99E-08  9049.99E-08  
960001.E-02  5500.00E-08  3950.00E-08  4000.00E-08  
980001.E-02  2150.00E-08  1450.00E-08  1750.00E-08  
100000.E-01  1250.00E-08  1000.00E-08  1000.00E-08  
102000.E-01  5500.00E-09  5000.00E-09  3500.00E-09  
104000.E-01  3000.00E-09  3500.00E-09  2500.00E-09  
106000.E-01  5000.00E-10  0000.00E+00  5000.00E-10  
108000.E-01  1000.00E-09  2000.00E-09  5000.00E-10  
110000.E-01  1000.00E-09  1000.00E-09  1500.00E-09  
112000.E-01  0000.00E+00  0000.00E+00  0000.00E+00  
114000.E-01  0000.00E+00  0000.00E+00  0000.00E+00  
116000.E-01  0000.00E+00  0000.00E+00  0000.00E+00  
118000.E-01  0000.00E+00  0000.00E+00  0000.00E+00  
120000.E-01  0000.00E+00  0000.00E+00  0000.00E+00  
122000.E-01  0000.00E+00  0000.00E+00  0000.00E+00  
124000.E-01  0000.00E+00  0000.00E+00  0000.00E+00  
126000.E-01  0000.00E+00  0000.00E+00  0000.00E+00  
128000.E-01  0000.00E+00  0000.00E+00  0000.00E+00  
130000.E-01  0000.00E+00  0000.00E+00  0000.00E+00  
132000.E-01  0000.00E+00  0000.00E+00  0000.00E+00  
134000.E-01  0000.00E+00  0000.00E+00  0000.00E+00  
136000.E-01  0000.00E+00  0000.00E+00  0000.00E+00  
138000.E-01  0000.00E+00  0000.00E+00  0000.00E+00  
140000.E-01  0000.00E+00  0000.00E+00  0000.00E+00  
142000.E-01  0000.00E+00  0000.00E+00  0000.00E+00  
144000.E-01  0000.00E+00  0000.00E+00  0000.00E+00  
146000.E-01  0000.00E+00  0000.00E+00  0000.00E+00  
148000.E-01  0000.00E+00  0000.00E+00  0000.00E+00  
150000.E-01  0000.00E+00  0000.00E+00  0000.00E+00  
152000.E-01  0000.00E+00  0000.00E+00  0000.00E+00  
154000.E-01  0000.00E+00  0000.00E+00  0000.00E+00  
156000.E-01  0000.00E+00  0000.00E+00  0000.00E+00  
158000.E-01  0000.00E+00  0000.00E+00  0000.00E+00  
160000.E-01  0000.00E+00  0000.00E+00  0000.00E+00  
162000.E-01  0000.00E+00  0000.00E+00  0000.00E+00  
164000.E-01  0000.00E+00  0000.00E+00  0000.00E+00  
166000.E-01  0000.00E+00  0000.00E+00  0000.00E+00  
168000.E-01  0000.00E+00  0000.00E+00  0000.00E+00  
170000.E-01  0000.00E+00  0000.00E+00  0000.00E+00  
172000.E-01  0000.00E+00  0000.00E+00  0000.00E+00  
174000.E-01  0000.00E+00  0000.00E+00  0000.00E+00  
176000.E-01  0000.00E+00  0000.00E+00  0000.00E+00  
178000.E-01  0000.00E+00  0000.00E+00  0000.00E+00  
180000.E-01  0000.00E+00  0000.00E+00  0000.00E+00  
182000.E-01  0000.00E+00  0000.00E+00  0000.00E+00  
184000.E-01  0000.00E+00  0000.00E+00  0000.00E+00  
186000.E-01  0000.00E+00  0000.00E+00  0000.00E+00  
188000.E-01  0000.00E+00  0000.00E+00  0000.00E+00  
190000.E-01  0000.00E+00  0000.00E+00  0000.00E+00  
192000.E-01  0000.00E+00  0000.00E+00  0000.00E+00  
194000.E-01  0000.00E+00  0000.00E+00  0000.00E+00  
196000.E-01  0000.00E+00  0000.00E+00  0000.00E+00  
198000.E-01  0000.00E+00  0000.00E+00  0000.00E+00  
200000.E-01  0000.00E+00  0000.00E+00  0000.00E+00  

 To convert to Energy Lost - multiply by Average Binding Energy =  3  eV/Vacancy
