====== 100 keV Au into GaAs (sputter) =======
        SRIM-2013.00
==================================================
      ION and final RECOIL ATOM Distributions     
 See  SRIM Outputs\TDATA.txt for calculation details
==================================================
====== TRIM Calc.= Au(100 keV) ==> GaAs( 2000 A) =============================
------------------------------------------------------------------------------
See file :  SRIM Outputs\TDATA.txt   for details of calculation
 Ion    = Au   Energy = 100  keV
============= TARGET MATERIAL ======================================
Layer  1 : GaAs
Layer Width =     2.E+03 A   Layer # 1- Density = 4.429E22 atoms/cm3 = 5.32 g/cm3
  Layer # 1- Ga = 50   Atomic Percent = 48.2 Mass Percent
  Layer # 1- As = 50   Atomic Percent = 51.7 Mass Percent
====================================================================
 Total Ions calculated =10000.00
 Ion Average Range =   274.3E+00 A   Straggling =   981.8E-01 A
 Ion Lateral Range =   632.7E-01 A   Straggling =   805.9E-01 A
 Ion Radial  Range =   991.8E-01 A   Straggling =   557.3E-01 A
====================================================================
 Range Skewne- = 000.4647  &= [-(X-Rp)^3]/[N*Straggle^3]
 Range Kurtosis = 003.0305  &= [-(X-Rp)^4]/[N*Straggle^4]
 Statistical definitions above are those used in VLSI implant modelling.
====================================================================
=================================================================
  Table Distribution Units are >>>  (Atoms/cm3) / (Atoms/cm2)  <<<  
=================================================================
   DEPTH         Au         Ga         As    
   (Ang.)       Ions     Tgt. Atoms  Tgt. Atoms
-----------  ----------  ----------  ----------
200100.E-04  1.5000E+03  8.5305E+07  8.3999E+07
400100.E-04  1.0000E+03  1.5260E+08  1.5237E+08
600100.E-04  2.5000E+03  2.0427E+08  2.0439E+08
800100.E-04  1.8500E+04  2.4455E+08  2.4510E+08
100010.E-03  5.4000E+04  2.7932E+08  2.8019E+08
120010.E-03  1.1800E+05  3.0989E+08  3.1073E+08
140010.E-03  1.6950E+05  3.3329E+08  3.3234E+08
160010.E-03  2.1200E+05  3.4667E+08  3.4786E+08
180010.E-03  3.0200E+05  3.4957E+08  3.4917E+08
200010.E-03  3.3250E+05  3.4480E+08  3.4510E+08
220010.E-03  3.6250E+05  3.3281E+08  3.3336E+08
240010.E-03  3.8700E+05  3.1264E+08  3.1184E+08
260010.E-03  4.2150E+05  2.8682E+08  2.8691E+08
280010.E-03  3.9800E+05  2.5694E+08  2.5784E+08
300010.E-03  3.7750E+05  2.2709E+08  2.2688E+08
320010.E-03  3.2800E+05  1.9688E+08  1.9756E+08
340010.E-03  2.9950E+05  1.6943E+08  1.6851E+08
360010.E-03  2.7350E+05  1.4327E+08  1.4367E+08
380010.E-03  2.0100E+05  1.1910E+08  1.1913E+08
400010.E-03  1.9700E+05  9.6761E+07  9.7067E+07
420010.E-03  1.3350E+05  7.8699E+07  7.8968E+07
440010.E-03  1.1050E+05  6.3016E+07  6.3094E+07
460010.E-03  8.3500E+04  4.9732E+07  4.9684E+07
480010.E-03  6.6000E+04  3.9012E+07  3.9405E+07
500010.E-03  5.2500E+04  3.0563E+07  3.0725E+07
520010.E-03  3.4000E+04  2.3582E+07  2.3595E+07
540010.E-03  2.3500E+04  1.8066E+07  1.7907E+07
560010.E-03  1.5500E+04  1.4053E+07  1.3976E+07
580010.E-03  9.5000E+03  1.0988E+07  1.1069E+07
600010.E-03  5.0000E+03  8.4547E+06  8.4327E+06
620010.E-03  5.0000E+03  6.5971E+06  6.6666E+06
640010.E-03  2.5000E+03  5.0455E+06  5.1075E+06
660010.E-03  1.5000E+03  3.9053E+06  3.8133E+06
680010.E-03  0.0000E+00  2.9275E+06  3.0250E+06
700010.E-03  5.0000E+02  2.4191E+06  2.4066E+06
720010.E-03  0.0000E+00  1.7971E+06  1.7621E+06
740010.E-03  0.0000E+00  1.3175E+06  1.3220E+06
760010.E-03  0.0000E+00  1.0605E+06  1.1125E+06
780010.E-03  0.0000E+00  9.1151E+05  8.8951E+05
800010.E-03  0.0000E+00  6.4699E+05  6.5899E+05
820010.E-03  0.0000E+00  5.3299E+05  4.9850E+05
840010.E-03  0.0000E+00  4.3900E+05  4.2750E+05
860010.E-03  0.0000E+00  2.8600E+05  3.1850E+05
880010.E-03  0.0000E+00  1.6150E+05  1.8350E+05
900010.E-03  0.0000E+00  1.0900E+05  1.2050E+05
920010.E-03  0.0000E+00  8.7500E+04  7.3500E+04
940010.E-03  0.0000E+00  9.4000E+04  7.6000E+04
960010.E-03  0.0000E+00  6.1000E+04  6.3500E+04
980010.E-03  0.0000E+00  5.1500E+04  4.8500E+04
100001.E-02  0.0000E+00  3.7500E+04  3.8000E+04
102001.E-02  0.0000E+00  2.5000E+04  2.0500E+04
104001.E-02  0.0000E+00  9.5000E+03  1.4000E+04
106001.E-02  0.0000E+00  2.5000E+03  7.5000E+03
108001.E-02  0.0000E+00  1.5000E+03  3.5000E+03
110001.E-02  0.0000E+00  6.0000E+03  1.1000E+04
112001.E-02  0.0000E+00  4.0000E+03  2.5000E+03
114001.E-02  0.0000E+00  0.0000E+00  0.0000E+00
116001.E-02  0.0000E+00  0.0000E+00  0.0000E+00
118001.E-02  0.0000E+00  0.0000E+00  0.0000E+00
120001.E-02  0.0000E+00  0.0000E+00  0.0000E+00
122001.E-02  0.0000E+00  0.0000E+00  0.0000E+00
124001.E-02  0.0000E+00  0.0000E+00  0.0000E+00
126001.E-02  0.0000E+00  0.0000E+00  0.0000E+00
128001.E-02  0.0000E+00  0.0000E+00  0.0000E+00
130001.E-02  0.0000E+00  0.0000E+00  0.0000E+00
132001.E-02  0.0000E+00  0.0000E+00  0.0000E+00
134001.E-02  0.0000E+00  0.0000E+00  0.0000E+00
136001.E-02  0.0000E+00  0.0000E+00  0.0000E+00
138001.E-02  0.0000E+00  0.0000E+00  0.0000E+00
140001.E-02  0.0000E+00  0.0000E+00  0.0000E+00
142001.E-02  0.0000E+00  0.0000E+00  0.0000E+00
144001.E-02  0.0000E+00  0.0000E+00  0.0000E+00
146001.E-02  0.0000E+00  0.0000E+00  0.0000E+00
148001.E-02  0.0000E+00  0.0000E+00  0.0000E+00
150001.E-02  0.0000E+00  0.0000E+00  0.0000E+00
152001.E-02  0.0000E+00  0.0000E+00  0.0000E+00
154001.E-02  0.0000E+00  0.0000E+00  0.0000E+00
156001.E-02  0.0000E+00  0.0000E+00  0.0000E+00
158001.E-02  0.0000E+00  0.0000E+00  0.0000E+00
160001.E-02  0.0000E+00  0.0000E+00  0.0000E+00
162001.E-02  0.0000E+00  0.0000E+00  0.0000E+00
164001.E-02  0.0000E+00  0.0000E+00  0.0000E+00
166001.E-02  0.0000E+00  0.0000E+00  0.0000E+00
168001.E-02  0.0000E+00  0.0000E+00  0.0000E+00
170001.E-02  0.0000E+00  0.0000E+00  0.0000E+00
172001.E-02  0.0000E+00  0.0000E+00  0.0000E+00
174001.E-02  0.0000E+00  0.0000E+00  0.0000E+00
176001.E-02  0.0000E+00  0.0000E+00  0.0000E+00
178001.E-02  0.0000E+00  0.0000E+00  0.0000E+00
180001.E-02  0.0000E+00  0.0000E+00  0.0000E+00
182001.E-02  0.0000E+00  0.0000E+00  0.0000E+00
184001.E-02  0.0000E+00  0.0000E+00  0.0000E+00
186001.E-02  0.0000E+00  0.0000E+00  0.0000E+00
188001.E-02  0.0000E+00  0.0000E+00  0.0000E+00
190001.E-02  0.0000E+00  0.0000E+00  0.0000E+00
192001.E-02  0.0000E+00  0.0000E+00  0.0000E+00
194001.E-02  0.0000E+00  0.0000E+00  0.0000E+00
196001.E-02  0.0000E+00  0.0000E+00  0.0000E+00
198001.E-02  0.0000E+00  0.0000E+00  0.0000E+00
200001.E-02  0.0000E+00  0.0000E+00  0.0000E+00
