====== H (10) into Skin_Human (W&W type 1)+Cort =======
        SRIM-2013.00
=======================================
    Energy transferred to RECOILS      
 See SRIM Outputs\TDATA.txt for calc. details 
=======================================
 See file: SRIM Outputs\TDATA.txt for data about the calculation
 Ion    =  H   Energy = 39000 keV
============= TARGET MATERIAL ======================================
Layer  1 : Skin_Human (W&W type 1)
Layer Width = 10000.E+03 AAA ;
  Layer # 1- Density = 10.56E22 atoms/cm3 = 1.09 g/cm3
  Layer # 1-  H = 61.7 Atomic Percent = 10.0 Mass Percent
  Layer # 1-  C = 12.9 Atomic Percent = 25.0 Mass Percent
  Layer # 1-  N = 2.04 Atomic Percent = 4.60 Mass Percent
  Layer # 1-  O = 23.1 Atomic Percent = 59.4 Mass Percent
  Layer # 1-  S = 5.82 Atomic Percent = .300 Mass Percent
  Layer # 1- Cl = .052 Atomic Percent = .300 Mass Percent
  Layer # 1- Na = .054 Atomic Percent = .200 Mass Percent
  Layer # 1-  K = 1.59 Atomic Percent = .100 Mass Percent
Layer  2 : Cortical Bone  Adult (W&W)
Layer Width = 40000.E+03 AAA ;
  Layer # 2- Density = 9.946E22 atoms/cm3 = 1.92 g/cm3
  Layer # 2- Ca = 6.53 Atomic Percent = 22.5 Mass Percent
  Layer # 2-  P = 3.86 Atomic Percent = 10.3 Mass Percent
  Layer # 2-  H = 39.2 Atomic Percent = 3.40 Mass Percent
  Layer # 2-  C = 15.0 Atomic Percent = 15.5 Mass Percent
  Layer # 2-  N = 3.48 Atomic Percent = 4.20 Mass Percent
  Layer # 2-  O = 31.6 Atomic Percent = 43.5 Mass Percent
  Layer # 2-  S = .108 Atomic Percent = .300 Mass Percent
  Layer # 2- Mg = 9.57 Atomic Percent = .200 Mass Percent
Layer  3 : Brain (ICRP)
Layer Width = 30000.E+03 AAA ;
  Layer # 3- Density = 10.41E22 atoms/cm3 = 1.03 g/cm3
  Layer # 3-  O = 27.5 Atomic Percent = 73.9 Mass Percent
  Layer # 3-  C = 6.23 Atomic Percent = 12.5 Mass Percent
  Layer # 3-  H = 65.4 Atomic Percent = 11.0 Mass Percent
  Layer # 3-  N = .565 Atomic Percent = 1.33 Mass Percent
  Layer # 3-  P = 6.72 Atomic Percent = .350 Mass Percent
  Layer # 3-  K = 4.71 Atomic Percent = .309 Mass Percent
  Layer # 3- Cl = 4.02 Atomic Percent = .240 Mass Percent
  Layer # 3- Na = 4.65 Atomic Percent = .179 Mass Percent
Layer  4 : Brain Tumour (ICRP brain comp.)
Layer Width = 20000.E+03 AAA ;
  Layer # 4- Density = 10.62E22 atoms/cm3 = 1.05 g/cm3
  Layer # 4-  O = 27.5 Atomic Percent = 73.9 Mass Percent
  Layer # 4-  C = 6.23 Atomic Percent = 12.5 Mass Percent
  Layer # 4-  H = 65.4 Atomic Percent = 11.0 Mass Percent
  Layer # 4-  N = .565 Atomic Percent = 1.33 Mass Percent
  Layer # 4-  P = 6.72 Atomic Percent = .350 Mass Percent
  Layer # 4-  K = 4.71 Atomic Percent = .309 Mass Percent
  Layer # 4- Cl = 4.02 Atomic Percent = .240 Mass Percent
  Layer # 4- Na = 4.65 Atomic Percent = .179 Mass Percent
Layer  5 : Brain backing (ICRP)
Layer Width = 40000.E+03 AAA ;
  Layer # 5- Density = 10.41E22 atoms/cm3 = 1.03 g/cm3
  Layer # 5-  O = 27.5 Atomic Percent = 73.9 Mass Percent
  Layer # 5-  C = 6.23 Atomic Percent = 12.5 Mass Percent
  Layer # 5-  H = 65.4 Atomic Percent = 11.0 Mass Percent
  Layer # 5-  N = .565 Atomic Percent = 1.33 Mass Percent
  Layer # 5-  P = 6.72 Atomic Percent = .350 Mass Percent
  Layer # 5-  K = 4.71 Atomic Percent = .309 Mass Percent
  Layer # 5- Cl = 4.02 Atomic Percent = .240 Mass Percent
  Layer # 5- Na = 4.65 Atomic Percent = .179 Mass Percent
====================================================================
 Total Ions calculated =10000.00
===========================================================
  Table Energy Units are  >>>>  eV /(Angstrom-Ion)  <<<<  
===========================================================
   DEPTH       ENERGY      Energy       Energy       Energy       Energy       Energy       Energy       Energy       Energy       Energy       Energy       Energy       Energy       Energy       Energy       Energy       Energy       Energy       Energy       Energy       Energy       Energy       Energy       Energy       Energy       Energy       Energy       Energy       Energy       Energy       Energy       Energy       Energy       Energy       Energy       Energy       Energy       Energy       Energy       Energy       Energy       
   DEPTH        from       Absorbed     Absorbed     Absorbed     Absorbed     Absorbed     Absorbed     Absorbed     Absorbed     Absorbed     Absorbed     Absorbed     Absorbed     Absorbed     Absorbed     Absorbed     Absorbed     Absorbed     Absorbed     Absorbed     Absorbed     Absorbed     Absorbed     Absorbed     Absorbed     Absorbed     Absorbed     Absorbed     Absorbed     Absorbed     Absorbed     Absorbed     Absorbed     Absorbed     Absorbed     Absorbed     Absorbed     Absorbed     Absorbed     Absorbed     Absorbed     
   (Ang.)       IONS       by   H       by   C       by   N       by   O       by   S       by  Cl       by  Na       by   K       by  Ca       by   P       by   H       by   C       by   N       by   O       by   S       by  Mg       by   O       by   C       by   H       by   N       by   P       by   K       by  Cl       by  Na       by   O       by   C       by   H       by   N       by   P       by   K       by  Cl       by  Na       by   O       by   C       by   H       by   N       by   P       by   K       by  Cl       by  Na       
----------   ------------  -----------  -----------  -----------  -----------  -----------  -----------  -----------  -----------  -----------  -----------  -----------  -----------  -----------  -----------  -----------  -----------  -----------  -----------  -----------  -----------  -----------  -----------  -----------  -----------  -----------  -----------  -----------  -----------  -----------  -----------  -----------  -----------  -----------  -----------  -----------  -----------  -----------  -----------  -----------  -----------  
140000.E+01  4200.14E-08  1700.64E-08  6389.74E-09  2473.04E-09  1656.12E-08  6056.99E-11  3739.60E-11  1032.37E-11  4951.18E-12  0000.00E+00  0000.00E+00  0000.00E+00  0000.00E+00  0000.00E+00  0000.00E+00  0000.00E+00  0000.00E+00  0000.00E+00  0000.00E+00  0000.00E+00  0000.00E+00  0000.00E+00  0000.00E+00  0000.00E+00  0000.00E+00  0000.00E+00  0000.00E+00  0000.00E+00  0000.00E+00  0000.00E+00  0000.00E+00  0000.00E+00  0000.00E+00  0000.00E+00  0000.00E+00  0000.00E+00  0000.00E+00  0000.00E+00  0000.00E+00  0000.00E+00  0000.00E+00  
280000.E+01  2087.71E-07  4778.73E-08  1497.16E-07  8695.76E-10  1089.48E-08  1348.08E-11  8049.56E-11  8186.65E-12  6539.10E-13  0000.00E+00  0000.00E+00  0000.00E+00  0000.00E+00  0000.00E+00  0000.00E+00  0000.00E+00  0000.00E+00  0000.00E+00  0000.00E+00  0000.00E+00  0000.00E+00  0000.00E+00  0000.00E+00  0000.00E+00  0000.00E+00  0000.00E+00  0000.00E+00  0000.00E+00  0000.00E+00  0000.00E+00  0000.00E+00  0000.00E+00  0000.00E+00  0000.00E+00  0000.00E+00  0000.00E+00  0000.00E+00  0000.00E+00  0000.00E+00  0000.00E+00  0000.00E+00  
420000.E+01  2849.73E-08  8310.22E-09  6483.56E-09  4636.03E-10  1369.39E-08  6030.52E-11  5790.46E-11  3493.53E-12  1808.22E-11  0000.00E+00  0000.00E+00  0000.00E+00  0000.00E+00  0000.00E+00  0000.00E+00  0000.00E+00  0000.00E+00  0000.00E+00  0000.00E+00  0000.00E+00  0000.00E+00  0000.00E+00  0000.00E+00  0000.00E+00  0000.00E+00  0000.00E+00  0000.00E+00  0000.00E+00  0000.00E+00  0000.00E+00  0000.00E+00  0000.00E+00  0000.00E+00  0000.00E+00  0000.00E+00  0000.00E+00  0000.00E+00  0000.00E+00  0000.00E+00  0000.00E+00  0000.00E+00  
560000.E+01  2275.41E-08  8256.91E-09  4465.05E-09  8915.68E-10  9481.15E-09  3739.53E-11  1867.92E-10  2655.19E-11  7225.03E-12  0000.00E+00  0000.00E+00  0000.00E+00  0000.00E+00  0000.00E+00  0000.00E+00  0000.00E+00  0000.00E+00  0000.00E+00  0000.00E+00  0000.00E+00  0000.00E+00  0000.00E+00  0000.00E+00  0000.00E+00  0000.00E+00  0000.00E+00  0000.00E+00  0000.00E+00  0000.00E+00  0000.00E+00  0000.00E+00  0000.00E+00  0000.00E+00  0000.00E+00  0000.00E+00  0000.00E+00  0000.00E+00  0000.00E+00  0000.00E+00  0000.00E+00  0000.00E+00  
700000.E+01  2455.32E-08  9748.52E-09  3732.34E-09  9073.09E-10  1063.12E-08  4770.28E-11  7619.77E-11  1648.62E-11  6714.72E-12  0000.00E+00  0000.00E+00  0000.00E+00  0000.00E+00  0000.00E+00  0000.00E+00  0000.00E+00  0000.00E+00  0000.00E+00  0000.00E+00  0000.00E+00  0000.00E+00  0000.00E+00  0000.00E+00  0000.00E+00  0000.00E+00  0000.00E+00  0000.00E+00  0000.00E+00  0000.00E+00  0000.00E+00  0000.00E+00  0000.00E+00  0000.00E+00  0000.00E+00  0000.00E+00  0000.00E+00  0000.00E+00  0000.00E+00  0000.00E+00  0000.00E+00  0000.00E+00  
840000.E+01  2697.49E-08  8042.36E-09  5332.28E-09  7742.91E-10  1336.24E-08  2763.15E-11  4582.80E-11  1201.53E-11  5737.66E-12  0000.00E+00  0000.00E+00  0000.00E+00  0000.00E+00  0000.00E+00  0000.00E+00  0000.00E+00  0000.00E+00  0000.00E+00  0000.00E+00  0000.00E+00  0000.00E+00  0000.00E+00  0000.00E+00  0000.00E+00  0000.00E+00  0000.00E+00  0000.00E+00  0000.00E+00  0000.00E+00  0000.00E+00  0000.00E+00  0000.00E+00  0000.00E+00  0000.00E+00  0000.00E+00  0000.00E+00  0000.00E+00  0000.00E+00  0000.00E+00  0000.00E+00  0000.00E+00  
980000.E+01  2638.55E-08  9956.00E-09  3790.71E-09  8430.32E-10  1224.25E-08  1033.58E-11  7370.06E-11  6225.52E-11  2219.52E-11  0000.00E+00  0000.00E+00  0000.00E+00  0000.00E+00  0000.00E+00  0000.00E+00  0000.00E+00  0000.00E+00  0000.00E+00  0000.00E+00  0000.00E+00  0000.00E+00  0000.00E+00  0000.00E+00  0000.00E+00  0000.00E+00  0000.00E+00  0000.00E+00  0000.00E+00  0000.00E+00  0000.00E+00  0000.00E+00  0000.00E+00  0000.00E+00  0000.00E+00  0000.00E+00  0000.00E+00  0000.00E+00  0000.00E+00  0000.00E+00  0000.00E+00  0000.00E+00  
112000.E+02  4265.99E-08  9669.43E-10  2642.74E-10  7290.10E-11  4592.84E-09  2146.91E-12  0000.00E+00  1069.13E-12  1305.32E-11  7653.67E-09  1987.85E-09  6724.78E-09  6388.59E-09  1542.79E-09  1309.42E-08  3414.92E-11  2186.51E-11  0000.00E+00  0000.00E+00  0000.00E+00  0000.00E+00  0000.00E+00  0000.00E+00  0000.00E+00  0000.00E+00  0000.00E+00  0000.00E+00  0000.00E+00  0000.00E+00  0000.00E+00  0000.00E+00  0000.00E+00  0000.00E+00  0000.00E+00  0000.00E+00  0000.00E+00  0000.00E+00  0000.00E+00  0000.00E+00  0000.00E+00  0000.00E+00  
126000.E+02  4352.64E-08  0000.00E+00  0000.00E+00  0000.00E+00  0000.00E+00  0000.00E+00  0000.00E+00  0000.00E+00  0000.00E+00  8627.10E-09  4737.24E-09  4091.48E-09  4061.03E-09  9403.01E-10  2162.06E-08  1411.32E-10  4269.99E-11  0000.00E+00  0000.00E+00  0000.00E+00  0000.00E+00  0000.00E+00  0000.00E+00  0000.00E+00  0000.00E+00  0000.00E+00  0000.00E+00  0000.00E+00  0000.00E+00  0000.00E+00  0000.00E+00  0000.00E+00  0000.00E+00  0000.00E+00  0000.00E+00  0000.00E+00  0000.00E+00  0000.00E+00  0000.00E+00  0000.00E+00  0000.00E+00  
140000.E+02  5146.64E-08  0000.00E+00  0000.00E+00  0000.00E+00  0000.00E+00  0000.00E+00  0000.00E+00  0000.00E+00  0000.00E+00  5890.60E-09  1055.59E-08  6164.01E-09  1118.37E-08  3565.95E-09  1478.81E-08  4050.84E-11  4431.52E-11  0000.00E+00  0000.00E+00  0000.00E+00  0000.00E+00  0000.00E+00  0000.00E+00  0000.00E+00  0000.00E+00  0000.00E+00  0000.00E+00  0000.00E+00  0000.00E+00  0000.00E+00  0000.00E+00  0000.00E+00  0000.00E+00  0000.00E+00  0000.00E+00  0000.00E+00  0000.00E+00  0000.00E+00  0000.00E+00  0000.00E+00  0000.00E+00  
154000.E+02  5974.89E-08  0000.00E+00  0000.00E+00  0000.00E+00  0000.00E+00  0000.00E+00  0000.00E+00  0000.00E+00  0000.00E+00  2773.25E-08  3411.58E-09  5455.18E-09  5848.14E-09  1230.99E-09  1664.87E-08  5238.01E-11  1340.76E-10  0000.00E+00  0000.00E+00  0000.00E+00  0000.00E+00  0000.00E+00  0000.00E+00  0000.00E+00  0000.00E+00  0000.00E+00  0000.00E+00  0000.00E+00  0000.00E+00  0000.00E+00  0000.00E+00  0000.00E+00  0000.00E+00  0000.00E+00  0000.00E+00  0000.00E+00  0000.00E+00  0000.00E+00  0000.00E+00  0000.00E+00  0000.00E+00  
168000.E+02  5974.85E-08  0000.00E+00  0000.00E+00  0000.00E+00  0000.00E+00  0000.00E+00  0000.00E+00  0000.00E+00  0000.00E+00  1020.96E-08  2463.70E-08  4657.73E-09  6290.14E-09  2366.85E-09  1227.37E-08  3803.92E-11  5689.04E-11  0000.00E+00  0000.00E+00  0000.00E+00  0000.00E+00  0000.00E+00  0000.00E+00  0000.00E+00  0000.00E+00  0000.00E+00  0000.00E+00  0000.00E+00  0000.00E+00  0000.00E+00  0000.00E+00  0000.00E+00  0000.00E+00  0000.00E+00  0000.00E+00  0000.00E+00  0000.00E+00  0000.00E+00  0000.00E+00  0000.00E+00  0000.00E+00  
182000.E+02  4726.87E-08  0000.00E+00  0000.00E+00  0000.00E+00  0000.00E+00  0000.00E+00  0000.00E+00  0000.00E+00  0000.00E+00  1036.96E-08  5339.78E-09  7111.64E-09  5978.63E-09  1997.83E-09  1646.75E-08  7065.86E-10  8309.13E-11  0000.00E+00  0000.00E+00  0000.00E+00  0000.00E+00  0000.00E+00  0000.00E+00  0000.00E+00  0000.00E+00  0000.00E+00  0000.00E+00  0000.00E+00  0000.00E+00  0000.00E+00  0000.00E+00  0000.00E+00  0000.00E+00  0000.00E+00  0000.00E+00  0000.00E+00  0000.00E+00  0000.00E+00  0000.00E+00  0000.00E+00  0000.00E+00  
196000.E+02  5239.26E-08  0000.00E+00  0000.00E+00  0000.00E+00  0000.00E+00  0000.00E+00  0000.00E+00  0000.00E+00  0000.00E+00  8335.83E-09  7299.37E-09  8842.72E-09  5966.94E-09  9297.85E-10  2175.85E-08  4520.31E-11  1675.21E-11  0000.00E+00  0000.00E+00  0000.00E+00  0000.00E+00  0000.00E+00  0000.00E+00  0000.00E+00  0000.00E+00  0000.00E+00  0000.00E+00  0000.00E+00  0000.00E+00  0000.00E+00  0000.00E+00  0000.00E+00  0000.00E+00  0000.00E+00  0000.00E+00  0000.00E+00  0000.00E+00  0000.00E+00  0000.00E+00  0000.00E+00  0000.00E+00  
210000.E+02  4543.58E-08  0000.00E+00  0000.00E+00  0000.00E+00  0000.00E+00  0000.00E+00  0000.00E+00  0000.00E+00  0000.00E+00  1273.19E-08  3091.96E-09  6345.08E-09  6224.97E-09  4568.19E-09  1302.74E-08  1479.25E-10  7578.20E-11  0000.00E+00  0000.00E+00  0000.00E+00  0000.00E+00  0000.00E+00  0000.00E+00  0000.00E+00  0000.00E+00  0000.00E+00  0000.00E+00  0000.00E+00  0000.00E+00  0000.00E+00  0000.00E+00  0000.00E+00  0000.00E+00  0000.00E+00  0000.00E+00  0000.00E+00  0000.00E+00  0000.00E+00  0000.00E+00  0000.00E+00  0000.00E+00  
224000.E+02  7213.82E-08  0000.00E+00  0000.00E+00  0000.00E+00  0000.00E+00  0000.00E+00  0000.00E+00  0000.00E+00  0000.00E+00  8780.20E-09  2178.27E-08  9563.66E-09  5865.41E-09  1114.26E-09  2563.97E-08  1584.74E-10  4652.12E-11  0000.00E+00  0000.00E+00  0000.00E+00  0000.00E+00  0000.00E+00  0000.00E+00  0000.00E+00  0000.00E+00  0000.00E+00  0000.00E+00  0000.00E+00  0000.00E+00  0000.00E+00  0000.00E+00  0000.00E+00  0000.00E+00  0000.00E+00  0000.00E+00  0000.00E+00  0000.00E+00  0000.00E+00  0000.00E+00  0000.00E+00  0000.00E+00  
238000.E+02  9028.45E-08  0000.00E+00  0000.00E+00  0000.00E+00  0000.00E+00  0000.00E+00  0000.00E+00  0000.00E+00  0000.00E+00  6938.54E-09  8375.37E-09  1815.53E-08  1063.57E-08  9833.30E-10  4577.50E-08  7639.32E-11  1413.63E-10  0000.00E+00  0000.00E+00  0000.00E+00  0000.00E+00  0000.00E+00  0000.00E+00  0000.00E+00  0000.00E+00  0000.00E+00  0000.00E+00  0000.00E+00  0000.00E+00  0000.00E+00  0000.00E+00  0000.00E+00  0000.00E+00  0000.00E+00  0000.00E+00  0000.00E+00  0000.00E+00  0000.00E+00  0000.00E+00  0000.00E+00  0000.00E+00  
252000.E+02  5331.40E-08  0000.00E+00  0000.00E+00  0000.00E+00  0000.00E+00  0000.00E+00  0000.00E+00  0000.00E+00  0000.00E+00  8548.28E-09  5311.47E-09  1319.42E-08  6138.27E-09  1802.24E-09  1903.05E-08  2992.84E-11  1072.80E-10  0000.00E+00  0000.00E+00  0000.00E+00  0000.00E+00  0000.00E+00  0000.00E+00  0000.00E+00  0000.00E+00  0000.00E+00  0000.00E+00  0000.00E+00  0000.00E+00  0000.00E+00  0000.00E+00  0000.00E+00  0000.00E+00  0000.00E+00  0000.00E+00  0000.00E+00  0000.00E+00  0000.00E+00  0000.00E+00  0000.00E+00  0000.00E+00  
266000.E+02  5021.45E-08  0000.00E+00  0000.00E+00  0000.00E+00  0000.00E+00  0000.00E+00  0000.00E+00  0000.00E+00  0000.00E+00  8778.98E-09  4213.98E-09  4547.71E-09  7336.83E-09  1861.93E-09  2417.32E-08  1024.89E-10  6552.20E-11  0000.00E+00  0000.00E+00  0000.00E+00  0000.00E+00  0000.00E+00  0000.00E+00  0000.00E+00  0000.00E+00  0000.00E+00  0000.00E+00  0000.00E+00  0000.00E+00  0000.00E+00  0000.00E+00  0000.00E+00  0000.00E+00  0000.00E+00  0000.00E+00  0000.00E+00  0000.00E+00  0000.00E+00  0000.00E+00  0000.00E+00  0000.00E+00  
280000.E+02  4951.82E-08  0000.00E+00  0000.00E+00  0000.00E+00  0000.00E+00  0000.00E+00  0000.00E+00  0000.00E+00  0000.00E+00  8572.37E-09  7700.72E-09  6279.58E-09  7846.49E-09  1781.78E-09  1809.80E-08  3599.02E-11  4903.61E-11  0000.00E+00  0000.00E+00  0000.00E+00  0000.00E+00  0000.00E+00  0000.00E+00  0000.00E+00  0000.00E+00  0000.00E+00  0000.00E+00  0000.00E+00  0000.00E+00  0000.00E+00  0000.00E+00  0000.00E+00  0000.00E+00  0000.00E+00  0000.00E+00  0000.00E+00  0000.00E+00  0000.00E+00  0000.00E+00  0000.00E+00  0000.00E+00  
294000.E+02  4655.91E-08  0000.00E+00  0000.00E+00  0000.00E+00  0000.00E+00  0000.00E+00  0000.00E+00  0000.00E+00  0000.00E+00  8228.43E-09  3201.86E-09  4704.13E-09  1276.56E-08  1982.12E-09  1644.27E-08  2370.28E-11  7045.32E-11  0000.00E+00  0000.00E+00  0000.00E+00  0000.00E+00  0000.00E+00  0000.00E+00  0000.00E+00  0000.00E+00  0000.00E+00  0000.00E+00  0000.00E+00  0000.00E+00  0000.00E+00  0000.00E+00  0000.00E+00  0000.00E+00  0000.00E+00  0000.00E+00  0000.00E+00  0000.00E+00  0000.00E+00  0000.00E+00  0000.00E+00  0000.00E+00  
308000.E+02  4397.24E-08  0000.00E+00  0000.00E+00  0000.00E+00  0000.00E+00  0000.00E+00  0000.00E+00  0000.00E+00  0000.00E+00  8725.25E-09  2746.71E-09  5193.16E-09  6103.78E-09  1488.10E-09  2040.66E-08  9128.35E-11  8241.17E-11  0000.00E+00  0000.00E+00  0000.00E+00  0000.00E+00  0000.00E+00  0000.00E+00  0000.00E+00  0000.00E+00  0000.00E+00  0000.00E+00  0000.00E+00  0000.00E+00  0000.00E+00  0000.00E+00  0000.00E+00  0000.00E+00  0000.00E+00  0000.00E+00  0000.00E+00  0000.00E+00  0000.00E+00  0000.00E+00  0000.00E+00  0000.00E+00  
322000.E+02  5950.89E-08  0000.00E+00  0000.00E+00  0000.00E+00  0000.00E+00  0000.00E+00  0000.00E+00  0000.00E+00  0000.00E+00  1053.97E-08  2727.37E-09  5373.49E-09  1107.60E-08  2125.46E-09  2839.81E-08  8633.95E-11  5091.08E-11  0000.00E+00  0000.00E+00  0000.00E+00  0000.00E+00  0000.00E+00  0000.00E+00  0000.00E+00  0000.00E+00  0000.00E+00  0000.00E+00  0000.00E+00  0000.00E+00  0000.00E+00  0000.00E+00  0000.00E+00  0000.00E+00  0000.00E+00  0000.00E+00  0000.00E+00  0000.00E+00  0000.00E+00  0000.00E+00  0000.00E+00  0000.00E+00  
336000.E+02  7499.97E-08  0000.00E+00  0000.00E+00  0000.00E+00  0000.00E+00  0000.00E+00  0000.00E+00  0000.00E+00  0000.00E+00  1270.04E-08  4193.39E-09  9562.59E-09  6030.22E-09  2601.28E-09  4063.82E-08  8347.16E-11  9739.21E-11  0000.00E+00  0000.00E+00  0000.00E+00  0000.00E+00  0000.00E+00  0000.00E+00  0000.00E+00  0000.00E+00  0000.00E+00  0000.00E+00  0000.00E+00  0000.00E+00  0000.00E+00  0000.00E+00  0000.00E+00  0000.00E+00  0000.00E+00  0000.00E+00  0000.00E+00  0000.00E+00  0000.00E+00  0000.00E+00  0000.00E+00  0000.00E+00  
350000.E+02  5636.11E-08  0000.00E+00  0000.00E+00  0000.00E+00  0000.00E+00  0000.00E+00  0000.00E+00  0000.00E+00  0000.00E+00  1295.41E-08  4636.19E-09  5702.62E-09  7931.47E-09  1546.05E-09  2445.46E-08  2702.22E-11  3092.00E-11  0000.00E+00  0000.00E+00  0000.00E+00  0000.00E+00  0000.00E+00  0000.00E+00  0000.00E+00  0000.00E+00  0000.00E+00  0000.00E+00  0000.00E+00  0000.00E+00  0000.00E+00  0000.00E+00  0000.00E+00  0000.00E+00  0000.00E+00  0000.00E+00  0000.00E+00  0000.00E+00  0000.00E+00  0000.00E+00  0000.00E+00  0000.00E+00  
364000.E+02  7046.57E-08  0000.00E+00  0000.00E+00  0000.00E+00  0000.00E+00  0000.00E+00  0000.00E+00  0000.00E+00  0000.00E+00  1299.95E-08  3190.05E-09  7529.97E-09  9666.03E-09  3139.69E-09  3480.87E-08  7336.64E-11  1597.48E-11  0000.00E+00  0000.00E+00  0000.00E+00  0000.00E+00  0000.00E+00  0000.00E+00  0000.00E+00  0000.00E+00  0000.00E+00  0000.00E+00  0000.00E+00  0000.00E+00  0000.00E+00  0000.00E+00  0000.00E+00  0000.00E+00  0000.00E+00  0000.00E+00  0000.00E+00  0000.00E+00  0000.00E+00  0000.00E+00  0000.00E+00  0000.00E+00  
378000.E+02  5164.49E-08  0000.00E+00  0000.00E+00  0000.00E+00  0000.00E+00  0000.00E+00  0000.00E+00  0000.00E+00  0000.00E+00  9670.86E-09  3711.09E-09  6689.99E-09  6964.04E-09  1469.70E-09  2378.97E-08  1795.24E-10  1015.39E-10  0000.00E+00  0000.00E+00  0000.00E+00  0000.00E+00  0000.00E+00  0000.00E+00  0000.00E+00  0000.00E+00  0000.00E+00  0000.00E+00  0000.00E+00  0000.00E+00  0000.00E+00  0000.00E+00  0000.00E+00  0000.00E+00  0000.00E+00  0000.00E+00  0000.00E+00  0000.00E+00  0000.00E+00  0000.00E+00  0000.00E+00  0000.00E+00  
392000.E+02  1147.29E-07  0000.00E+00  0000.00E+00  0000.00E+00  0000.00E+00  0000.00E+00  0000.00E+00  0000.00E+00  0000.00E+00  2605.71E-08  8352.70E-09  9039.36E-09  5804.60E-09  2171.26E-09  6415.82E-08  6203.75E-11  4061.42E-11  0000.00E+00  0000.00E+00  0000.00E+00  0000.00E+00  0000.00E+00  0000.00E+00  0000.00E+00  0000.00E+00  0000.00E+00  0000.00E+00  0000.00E+00  0000.00E+00  0000.00E+00  0000.00E+00  0000.00E+00  0000.00E+00  0000.00E+00  0000.00E+00  0000.00E+00  0000.00E+00  0000.00E+00  0000.00E+00  0000.00E+00  0000.00E+00  
406000.E+02  6101.18E-08  0000.00E+00  0000.00E+00  0000.00E+00  0000.00E+00  0000.00E+00  0000.00E+00  0000.00E+00  0000.00E+00  1821.13E-08  1003.18E-08  5500.87E-09  6640.44E-09  2835.35E-09  1847.42E-08  1949.61E-10  1246.75E-10  0000.00E+00  0000.00E+00  0000.00E+00  0000.00E+00  0000.00E+00  0000.00E+00  0000.00E+00  0000.00E+00  0000.00E+00  0000.00E+00  0000.00E+00  0000.00E+00  0000.00E+00  0000.00E+00  0000.00E+00  0000.00E+00  0000.00E+00  0000.00E+00  0000.00E+00  0000.00E+00  0000.00E+00  0000.00E+00  0000.00E+00  0000.00E+00  
420000.E+02  1108.29E-07  0000.00E+00  0000.00E+00  0000.00E+00  0000.00E+00  0000.00E+00  0000.00E+00  0000.00E+00  0000.00E+00  3589.93E-08  4494.49E-09  7426.88E-09  8384.06E-09  2812.58E-09  5273.06E-08  6488.60E-11  7134.04E-12  0000.00E+00  0000.00E+00  0000.00E+00  0000.00E+00  0000.00E+00  0000.00E+00  0000.00E+00  0000.00E+00  0000.00E+00  0000.00E+00  0000.00E+00  0000.00E+00  0000.00E+00  0000.00E+00  0000.00E+00  0000.00E+00  0000.00E+00  0000.00E+00  0000.00E+00  0000.00E+00  0000.00E+00  0000.00E+00  0000.00E+00  0000.00E+00  
434000.E+02  6898.68E-08  0000.00E+00  0000.00E+00  0000.00E+00  0000.00E+00  0000.00E+00  0000.00E+00  0000.00E+00  0000.00E+00  1723.91E-08  4377.13E-09  8270.21E-09  1257.74E-08  2508.52E-09  2498.47E-08  1887.36E-11  2271.65E-11  0000.00E+00  0000.00E+00  0000.00E+00  0000.00E+00  0000.00E+00  0000.00E+00  0000.00E+00  0000.00E+00  0000.00E+00  0000.00E+00  0000.00E+00  0000.00E+00  0000.00E+00  0000.00E+00  0000.00E+00  0000.00E+00  0000.00E+00  0000.00E+00  0000.00E+00  0000.00E+00  0000.00E+00  0000.00E+00  0000.00E+00  0000.00E+00  
448000.E+02  5955.46E-08  0000.00E+00  0000.00E+00  0000.00E+00  0000.00E+00  0000.00E+00  0000.00E+00  0000.00E+00  0000.00E+00  1332.74E-08  7953.56E-09  9338.90E-09  5362.56E-09  1675.79E-09  2274.47E-08  1009.90E-10  7625.57E-11  0000.00E+00  0000.00E+00  0000.00E+00  0000.00E+00  0000.00E+00  0000.00E+00  0000.00E+00  0000.00E+00  0000.00E+00  0000.00E+00  0000.00E+00  0000.00E+00  0000.00E+00  0000.00E+00  0000.00E+00  0000.00E+00  0000.00E+00  0000.00E+00  0000.00E+00  0000.00E+00  0000.00E+00  0000.00E+00  0000.00E+00  0000.00E+00  
462000.E+02  7820.52E-08  0000.00E+00  0000.00E+00  0000.00E+00  0000.00E+00  0000.00E+00  0000.00E+00  0000.00E+00  0000.00E+00  2379.66E-08  4059.62E-09  7926.15E-09  1868.18E-08  2272.35E-09  2221.27E-08  1349.63E-10  1820.00E-10  0000.00E+00  0000.00E+00  0000.00E+00  0000.00E+00  0000.00E+00  0000.00E+00  0000.00E+00  0000.00E+00  0000.00E+00  0000.00E+00  0000.00E+00  0000.00E+00  0000.00E+00  0000.00E+00  0000.00E+00  0000.00E+00  0000.00E+00  0000.00E+00  0000.00E+00  0000.00E+00  0000.00E+00  0000.00E+00  0000.00E+00  0000.00E+00  
476000.E+02  1075.81E-07  0000.00E+00  0000.00E+00  0000.00E+00  0000.00E+00  0000.00E+00  0000.00E+00  0000.00E+00  0000.00E+00  4328.65E-08  7595.24E-09  7322.18E-09  7975.89E-09  2129.54E-09  3976.96E-08  7409.17E-11  4906.96E-10  0000.00E+00  0000.00E+00  0000.00E+00  0000.00E+00  0000.00E+00  0000.00E+00  0000.00E+00  0000.00E+00  0000.00E+00  0000.00E+00  0000.00E+00  0000.00E+00  0000.00E+00  0000.00E+00  0000.00E+00  0000.00E+00  0000.00E+00  0000.00E+00  0000.00E+00  0000.00E+00  0000.00E+00  0000.00E+00  0000.00E+00  0000.00E+00  
490000.E+02  1259.79E-07  0000.00E+00  0000.00E+00  0000.00E+00  0000.00E+00  0000.00E+00  0000.00E+00  0000.00E+00  0000.00E+00  1978.04E-08  3950.09E-09  6585.71E-09  5462.44E-09  1535.06E-09  8924.09E-08  5347.06E-11  4596.94E-10  0000.00E+00  0000.00E+00  0000.00E+00  0000.00E+00  0000.00E+00  0000.00E+00  0000.00E+00  0000.00E+00  0000.00E+00  0000.00E+00  0000.00E+00  0000.00E+00  0000.00E+00  0000.00E+00  0000.00E+00  0000.00E+00  0000.00E+00  0000.00E+00  0000.00E+00  0000.00E+00  0000.00E+00  0000.00E+00  0000.00E+00  0000.00E+00  
504000.E+02  4099.92E-07  0000.00E+00  0000.00E+00  0000.00E+00  0000.00E+00  0000.00E+00  0000.00E+00  0000.00E+00  0000.00E+00  1760.94E-08  6602.96E-09  6456.14E-09  1288.19E-08  7514.89E-09  1461.10E-08  3579.61E-11  2269.79E-11  2191.48E-07  1219.72E-07  4119.11E-09  3191.32E-11  2354.42E-11  8209.01E-13  4537.62E-12  2146.34E-12  0000.00E+00  0000.00E+00  0000.00E+00  0000.00E+00  0000.00E+00  0000.00E+00  0000.00E+00  0000.00E+00  0000.00E+00  0000.00E+00  0000.00E+00  0000.00E+00  0000.00E+00  0000.00E+00  0000.00E+00  0000.00E+00  
518000.E+02  4104.49E-08  0000.00E+00  0000.00E+00  0000.00E+00  0000.00E+00  0000.00E+00  0000.00E+00  0000.00E+00  0000.00E+00  0000.00E+00  0000.00E+00  0000.00E+00  0000.00E+00  0000.00E+00  0000.00E+00  0000.00E+00  0000.00E+00  2103.55E-08  3369.40E-09  1718.63E-08  2161.18E-10  5244.42E-11  5719.54E-11  3486.04E-11  7679.52E-12  0000.00E+00  0000.00E+00  0000.00E+00  0000.00E+00  0000.00E+00  0000.00E+00  0000.00E+00  0000.00E+00  0000.00E+00  0000.00E+00  0000.00E+00  0000.00E+00  0000.00E+00  0000.00E+00  0000.00E+00  0000.00E+00  
532000.E+02  6152.22E-08  0000.00E+00  0000.00E+00  0000.00E+00  0000.00E+00  0000.00E+00  0000.00E+00  0000.00E+00  0000.00E+00  0000.00E+00  0000.00E+00  0000.00E+00  0000.00E+00  0000.00E+00  0000.00E+00  0000.00E+00  0000.00E+00  4066.83E-08  6667.56E-09  1464.88E-08  2715.76E-10  3651.22E-11  1090.06E-10  1926.24E-11  3864.12E-11  0000.00E+00  0000.00E+00  0000.00E+00  0000.00E+00  0000.00E+00  0000.00E+00  0000.00E+00  0000.00E+00  0000.00E+00  0000.00E+00  0000.00E+00  0000.00E+00  0000.00E+00  0000.00E+00  0000.00E+00  0000.00E+00  
546000.E+02  1291.02E-07  0000.00E+00  0000.00E+00  0000.00E+00  0000.00E+00  0000.00E+00  0000.00E+00  0000.00E+00  0000.00E+00  0000.00E+00  0000.00E+00  0000.00E+00  0000.00E+00  0000.00E+00  0000.00E+00  0000.00E+00  0000.00E+00  6154.65E-08  3263.13E-09  6482.28E-08  1706.27E-10  1253.06E-10  4243.97E-11  1372.61E-11  7757.32E-11  0000.00E+00  0000.00E+00  0000.00E+00  0000.00E+00  0000.00E+00  0000.00E+00  0000.00E+00  0000.00E+00  0000.00E+00  0000.00E+00  0000.00E+00  0000.00E+00  0000.00E+00  0000.00E+00  0000.00E+00  0000.00E+00  
560000.E+02  5775.44E-08  0000.00E+00  0000.00E+00  0000.00E+00  0000.00E+00  0000.00E+00  0000.00E+00  0000.00E+00  0000.00E+00  0000.00E+00  0000.00E+00  0000.00E+00  0000.00E+00  0000.00E+00  0000.00E+00  0000.00E+00  0000.00E+00  3768.53E-08  3022.90E-09  1555.56E-08  3290.29E-10  3406.69E-11  4498.71E-10  3056.44E-11  1615.83E-09  0000.00E+00  0000.00E+00  0000.00E+00  0000.00E+00  0000.00E+00  0000.00E+00  0000.00E+00  0000.00E+00  0000.00E+00  0000.00E+00  0000.00E+00  0000.00E+00  0000.00E+00  0000.00E+00  0000.00E+00  0000.00E+00  
574000.E+02  5766.96E-08  0000.00E+00  0000.00E+00  0000.00E+00  0000.00E+00  0000.00E+00  0000.00E+00  0000.00E+00  0000.00E+00  0000.00E+00  0000.00E+00  0000.00E+00  0000.00E+00  0000.00E+00  0000.00E+00  0000.00E+00  0000.00E+00  2825.33E-08  6699.99E-09  2283.91E-08  1878.32E-10  4075.64E-11  4880.66E-10  5620.95E-11  9155.82E-11  0000.00E+00  0000.00E+00  0000.00E+00  0000.00E+00  0000.00E+00  0000.00E+00  0000.00E+00  0000.00E+00  0000.00E+00  0000.00E+00  0000.00E+00  0000.00E+00  0000.00E+00  0000.00E+00  0000.00E+00  0000.00E+00  
588000.E+02  4600.50E-08  0000.00E+00  0000.00E+00  0000.00E+00  0000.00E+00  0000.00E+00  0000.00E+00  0000.00E+00  0000.00E+00  0000.00E+00  0000.00E+00  0000.00E+00  0000.00E+00  0000.00E+00  0000.00E+00  0000.00E+00  0000.00E+00  2743.31E-08  3764.41E-09  1444.76E-08  4694.31E-10  4599.24E-10  2536.84E-10  1765.71E-10  9821.40E-12  0000.00E+00  0000.00E+00  0000.00E+00  0000.00E+00  0000.00E+00  0000.00E+00  0000.00E+00  0000.00E+00  0000.00E+00  0000.00E+00  0000.00E+00  0000.00E+00  0000.00E+00  0000.00E+00  0000.00E+00  0000.00E+00  
602000.E+02  5001.26E-08  0000.00E+00  0000.00E+00  0000.00E+00  0000.00E+00  0000.00E+00  0000.00E+00  0000.00E+00  0000.00E+00  0000.00E+00  0000.00E+00  0000.00E+00  0000.00E+00  0000.00E+00  0000.00E+00  0000.00E+00  0000.00E+00  2389.34E-08  5319.85E-09  2157.77E-08  1661.16E-10  3527.95E-12  2288.19E-11  4543.08E-13  4400.22E-11  0000.00E+00  0000.00E+00  0000.00E+00  0000.00E+00  0000.00E+00  0000.00E+00  0000.00E+00  0000.00E+00  0000.00E+00  0000.00E+00  0000.00E+00  0000.00E+00  0000.00E+00  0000.00E+00  0000.00E+00  0000.00E+00  
616000.E+02  9135.65E-08  0000.00E+00  0000.00E+00  0000.00E+00  0000.00E+00  0000.00E+00  0000.00E+00  0000.00E+00  0000.00E+00  0000.00E+00  0000.00E+00  0000.00E+00  0000.00E+00  0000.00E+00  0000.00E+00  0000.00E+00  0000.00E+00  2702.36E-08  1183.59E-08  5273.04E-08  5665.12E-10  5311.30E-11  5988.64E-11  5891.50E-11  5072.37E-11  0000.00E+00  0000.00E+00  0000.00E+00  0000.00E+00  0000.00E+00  0000.00E+00  0000.00E+00  0000.00E+00  0000.00E+00  0000.00E+00  0000.00E+00  0000.00E+00  0000.00E+00  0000.00E+00  0000.00E+00  0000.00E+00  
630000.E+02  4677.98E-08  0000.00E+00  0000.00E+00  0000.00E+00  0000.00E+00  0000.00E+00  0000.00E+00  0000.00E+00  0000.00E+00  0000.00E+00  0000.00E+00  0000.00E+00  0000.00E+00  0000.00E+00  0000.00E+00  0000.00E+00  0000.00E+00  2668.79E-08  3157.28E-09  1638.46E-08  4857.31E-10  4000.30E-11  8376.23E-11  6792.18E-12  9813.44E-10  0000.00E+00  0000.00E+00  0000.00E+00  0000.00E+00  0000.00E+00  0000.00E+00  0000.00E+00  0000.00E+00  0000.00E+00  0000.00E+00  0000.00E+00  0000.00E+00  0000.00E+00  0000.00E+00  0000.00E+00  0000.00E+00  
644000.E+02  5800.58E-08  0000.00E+00  0000.00E+00  0000.00E+00  0000.00E+00  0000.00E+00  0000.00E+00  0000.00E+00  0000.00E+00  0000.00E+00  0000.00E+00  0000.00E+00  0000.00E+00  0000.00E+00  0000.00E+00  0000.00E+00  0000.00E+00  3621.09E-08  4383.55E-09  1791.40E-08  2963.48E-10  7165.70E-11  4071.24E-11  1029.58E-10  4811.72E-11  0000.00E+00  0000.00E+00  0000.00E+00  0000.00E+00  0000.00E+00  0000.00E+00  0000.00E+00  0000.00E+00  0000.00E+00  0000.00E+00  0000.00E+00  0000.00E+00  0000.00E+00  0000.00E+00  0000.00E+00  0000.00E+00  
658000.E+02  5605.15E-08  0000.00E+00  0000.00E+00  0000.00E+00  0000.00E+00  0000.00E+00  0000.00E+00  0000.00E+00  0000.00E+00  0000.00E+00  0000.00E+00  0000.00E+00  0000.00E+00  0000.00E+00  0000.00E+00  0000.00E+00  0000.00E+00  3292.03E-08  6295.61E-09  1647.14E-08  2792.69E-10  2557.86E-10  1933.71E-11  6588.57E-11  8474.07E-10  0000.00E+00  0000.00E+00  0000.00E+00  0000.00E+00  0000.00E+00  0000.00E+00  0000.00E+00  0000.00E+00  0000.00E+00  0000.00E+00  0000.00E+00  0000.00E+00  0000.00E+00  0000.00E+00  0000.00E+00  0000.00E+00  
672000.E+02  9463.15E-08  0000.00E+00  0000.00E+00  0000.00E+00  0000.00E+00  0000.00E+00  0000.00E+00  0000.00E+00  0000.00E+00  0000.00E+00  0000.00E+00  0000.00E+00  0000.00E+00  0000.00E+00  0000.00E+00  0000.00E+00  0000.00E+00  7452.32E-08  3197.04E-09  1751.25E-08  3288.28E-10  3222.24E-11  8768.61E-11  3187.27E-11  2622.61E-11  0000.00E+00  0000.00E+00  0000.00E+00  0000.00E+00  0000.00E+00  0000.00E+00  0000.00E+00  0000.00E+00  0000.00E+00  0000.00E+00  0000.00E+00  0000.00E+00  0000.00E+00  0000.00E+00  0000.00E+00  0000.00E+00  
686000.E+02  5477.56E-08  0000.00E+00  0000.00E+00  0000.00E+00  0000.00E+00  0000.00E+00  0000.00E+00  0000.00E+00  0000.00E+00  0000.00E+00  0000.00E+00  0000.00E+00  0000.00E+00  0000.00E+00  0000.00E+00  0000.00E+00  0000.00E+00  2681.87E-08  9173.66E-09  1897.72E-08  2793.09E-10  4528.53E-10  5226.31E-11  1077.94E-10  2955.80E-11  0000.00E+00  0000.00E+00  0000.00E+00  0000.00E+00  0000.00E+00  0000.00E+00  0000.00E+00  0000.00E+00  0000.00E+00  0000.00E+00  0000.00E+00  0000.00E+00  0000.00E+00  0000.00E+00  0000.00E+00  0000.00E+00  
700000.E+02  6898.68E-08  0000.00E+00  0000.00E+00  0000.00E+00  0000.00E+00  0000.00E+00  0000.00E+00  0000.00E+00  0000.00E+00  0000.00E+00  0000.00E+00  0000.00E+00  0000.00E+00  0000.00E+00  0000.00E+00  0000.00E+00  0000.00E+00  3664.15E-08  6039.22E-09  2675.20E-08  4712.36E-10  6706.15E-11  6760.74E-11  6800.67E-11  1988.70E-12  0000.00E+00  0000.00E+00  0000.00E+00  0000.00E+00  0000.00E+00  0000.00E+00  0000.00E+00  0000.00E+00  0000.00E+00  0000.00E+00  0000.00E+00  0000.00E+00  0000.00E+00  0000.00E+00  0000.00E+00  0000.00E+00  
714000.E+02  5673.81E-08  0000.00E+00  0000.00E+00  0000.00E+00  0000.00E+00  0000.00E+00  0000.00E+00  0000.00E+00  0000.00E+00  0000.00E+00  0000.00E+00  0000.00E+00  0000.00E+00  0000.00E+00  0000.00E+00  0000.00E+00  0000.00E+00  3398.10E-08  5263.29E-09  1757.43E-08  9315.27E-10  3223.62E-11  3179.18E-11  4849.33E-11  2730.58E-11  0000.00E+00  0000.00E+00  0000.00E+00  0000.00E+00  0000.00E+00  0000.00E+00  0000.00E+00  0000.00E+00  0000.00E+00  0000.00E+00  0000.00E+00  0000.00E+00  0000.00E+00  0000.00E+00  0000.00E+00  0000.00E+00  
728000.E+02  1007.34E-07  0000.00E+00  0000.00E+00  0000.00E+00  0000.00E+00  0000.00E+00  0000.00E+00  0000.00E+00  0000.00E+00  0000.00E+00  0000.00E+00  0000.00E+00  0000.00E+00  0000.00E+00  0000.00E+00  0000.00E+00  0000.00E+00  3713.54E-08  1211.49E-08  5212.34E-08  2813.90E-10  1265.19E-10  8949.40E-11  4664.52E-11  9703.00E-12  0000.00E+00  0000.00E+00  0000.00E+00  0000.00E+00  0000.00E+00  0000.00E+00  0000.00E+00  0000.00E+00  0000.00E+00  0000.00E+00  0000.00E+00  0000.00E+00  0000.00E+00  0000.00E+00  0000.00E+00  0000.00E+00  
742000.E+02  5409.37E-08  0000.00E+00  0000.00E+00  0000.00E+00  0000.00E+00  0000.00E+00  0000.00E+00  0000.00E+00  0000.00E+00  0000.00E+00  0000.00E+00  0000.00E+00  0000.00E+00  0000.00E+00  0000.00E+00  0000.00E+00  0000.00E+00  2782.41E-08  3666.10E-09  2351.21E-08  1028.45E-10  8140.27E-11  1296.38E-11  2209.88E-11  7041.58E-11  0000.00E+00  0000.00E+00  0000.00E+00  0000.00E+00  0000.00E+00  0000.00E+00  0000.00E+00  0000.00E+00  0000.00E+00  0000.00E+00  0000.00E+00  0000.00E+00  0000.00E+00  0000.00E+00  0000.00E+00  0000.00E+00  
756000.E+02  9387.24E-08  0000.00E+00  0000.00E+00  0000.00E+00  0000.00E+00  0000.00E+00  0000.00E+00  0000.00E+00  0000.00E+00  0000.00E+00  0000.00E+00  0000.00E+00  0000.00E+00  0000.00E+00  0000.00E+00  0000.00E+00  0000.00E+00  4630.72E-08  9895.02E-09  3832.23E-08  4423.59E-10  2650.30E-11  3368.07E-11  9722.63E-11  9184.36E-12  0000.00E+00  0000.00E+00  0000.00E+00  0000.00E+00  0000.00E+00  0000.00E+00  0000.00E+00  0000.00E+00  0000.00E+00  0000.00E+00  0000.00E+00  0000.00E+00  0000.00E+00  0000.00E+00  0000.00E+00  0000.00E+00  
770000.E+02  7252.30E-08  0000.00E+00  0000.00E+00  0000.00E+00  0000.00E+00  0000.00E+00  0000.00E+00  0000.00E+00  0000.00E+00  0000.00E+00  0000.00E+00  0000.00E+00  0000.00E+00  0000.00E+00  0000.00E+00  0000.00E+00  0000.00E+00  4465.18E-08  5904.73E-09  2247.21E-08  4203.67E-10  4436.57E-11  4908.07E-11  6266.76E-11  1846.36E-10  0000.00E+00  0000.00E+00  0000.00E+00  0000.00E+00  0000.00E+00  0000.00E+00  0000.00E+00  0000.00E+00  0000.00E+00  0000.00E+00  0000.00E+00  0000.00E+00  0000.00E+00  0000.00E+00  0000.00E+00  0000.00E+00  
784000.E+02  7349.87E-08  0000.00E+00  0000.00E+00  0000.00E+00  0000.00E+00  0000.00E+00  0000.00E+00  0000.00E+00  0000.00E+00  0000.00E+00  0000.00E+00  0000.00E+00  0000.00E+00  0000.00E+00  0000.00E+00  0000.00E+00  0000.00E+00  3401.86E-08  3444.63E-09  2383.52E-08  1261.10E-08  1387.16E-11  4779.70E-10  3867.41E-10  2075.36E-11  0000.00E+00  0000.00E+00  0000.00E+00  0000.00E+00  0000.00E+00  0000.00E+00  0000.00E+00  0000.00E+00  0000.00E+00  0000.00E+00  0000.00E+00  0000.00E+00  0000.00E+00  0000.00E+00  0000.00E+00  0000.00E+00  
798000.E+02  5926.48E-08  0000.00E+00  0000.00E+00  0000.00E+00  0000.00E+00  0000.00E+00  0000.00E+00  0000.00E+00  0000.00E+00  0000.00E+00  0000.00E+00  0000.00E+00  0000.00E+00  0000.00E+00  0000.00E+00  0000.00E+00  0000.00E+00  2807.78E-08  4431.08E-09  2704.30E-08  7953.07E-10  5442.19E-11  1479.82E-10  3818.90E-11  2164.62E-11  0000.00E+00  0000.00E+00  0000.00E+00  0000.00E+00  0000.00E+00  0000.00E+00  0000.00E+00  0000.00E+00  0000.00E+00  0000.00E+00  0000.00E+00  0000.00E+00  0000.00E+00  0000.00E+00  0000.00E+00  0000.00E+00  
812000.E+02  6408.39E-08  0000.00E+00  0000.00E+00  0000.00E+00  0000.00E+00  0000.00E+00  0000.00E+00  0000.00E+00  0000.00E+00  0000.00E+00  0000.00E+00  0000.00E+00  0000.00E+00  0000.00E+00  0000.00E+00  0000.00E+00  0000.00E+00  4918.10E-09  6227.99E-10  4387.66E-09  1266.20E-10  5615.95E-12  0000.00E+00  0000.00E+00  5338.57E-13  2344.66E-08  5806.51E-09  2559.41E-08  3184.35E-10  8690.37E-11  5319.49E-11  8831.14E-11  1670.43E-11  0000.00E+00  0000.00E+00  0000.00E+00  0000.00E+00  0000.00E+00  0000.00E+00  0000.00E+00  0000.00E+00  
826000.E+02  1319.01E-07  0000.00E+00  0000.00E+00  0000.00E+00  0000.00E+00  0000.00E+00  0000.00E+00  0000.00E+00  0000.00E+00  0000.00E+00  0000.00E+00  0000.00E+00  0000.00E+00  0000.00E+00  0000.00E+00  0000.00E+00  0000.00E+00  0000.00E+00  0000.00E+00  0000.00E+00  0000.00E+00  0000.00E+00  0000.00E+00  0000.00E+00  0000.00E+00  4825.66E-08  1841.94E-08  6582.35E-08  2791.53E-10  3664.67E-10  1175.97E-10  4260.41E-11  2396.81E-11  0000.00E+00  0000.00E+00  0000.00E+00  0000.00E+00  0000.00E+00  0000.00E+00  0000.00E+00  0000.00E+00  
840000.E+02  7072.78E-08  0000.00E+00  0000.00E+00  0000.00E+00  0000.00E+00  0000.00E+00  0000.00E+00  0000.00E+00  0000.00E+00  0000.00E+00  0000.00E+00  0000.00E+00  0000.00E+00  0000.00E+00  0000.00E+00  0000.00E+00  0000.00E+00  0000.00E+00  0000.00E+00  0000.00E+00  0000.00E+00  0000.00E+00  0000.00E+00  0000.00E+00  0000.00E+00  2755.83E-08  1686.34E-08  2719.94E-08  3100.32E-10  8079.90E-11  4695.34E-11  7865.80E-11  6947.84E-11  0000.00E+00  0000.00E+00  0000.00E+00  0000.00E+00  0000.00E+00  0000.00E+00  0000.00E+00  0000.00E+00  
854000.E+02  6852.17E-08  0000.00E+00  0000.00E+00  0000.00E+00  0000.00E+00  0000.00E+00  0000.00E+00  0000.00E+00  0000.00E+00  0000.00E+00  0000.00E+00  0000.00E+00  0000.00E+00  0000.00E+00  0000.00E+00  0000.00E+00  0000.00E+00  0000.00E+00  0000.00E+00  0000.00E+00  0000.00E+00  0000.00E+00  0000.00E+00  0000.00E+00  0000.00E+00  3183.64E-08  5903.36E-09  3151.25E-08  5181.87E-10  3676.17E-11  8264.24E-11  7833.70E-11  4197.67E-11  0000.00E+00  0000.00E+00  0000.00E+00  0000.00E+00  0000.00E+00  0000.00E+00  0000.00E+00  0000.00E+00  
868000.E+02  8090.85E-08  0000.00E+00  0000.00E+00  0000.00E+00  0000.00E+00  0000.00E+00  0000.00E+00  0000.00E+00  0000.00E+00  0000.00E+00  0000.00E+00  0000.00E+00  0000.00E+00  0000.00E+00  0000.00E+00  0000.00E+00  0000.00E+00  0000.00E+00  0000.00E+00  0000.00E+00  0000.00E+00  0000.00E+00  0000.00E+00  0000.00E+00  0000.00E+00  4090.18E-08  6009.21E-09  3486.24E-08  3733.98E-10  1664.91E-10  6558.35E-11  1985.11E-11  7836.65E-11  0000.00E+00  0000.00E+00  0000.00E+00  0000.00E+00  0000.00E+00  0000.00E+00  0000.00E+00  0000.00E+00  
882000.E+02  1267.73E-07  0000.00E+00  0000.00E+00  0000.00E+00  0000.00E+00  0000.00E+00  0000.00E+00  0000.00E+00  0000.00E+00  0000.00E+00  0000.00E+00  0000.00E+00  0000.00E+00  0000.00E+00  0000.00E+00  0000.00E+00  0000.00E+00  0000.00E+00  0000.00E+00  0000.00E+00  0000.00E+00  0000.00E+00  0000.00E+00  0000.00E+00  0000.00E+00  8214.51E-08  4191.07E-09  4111.94E-08  4816.11E-10  7669.11E-11  7730.94E-11  2913.46E-10  2023.98E-11  0000.00E+00  0000.00E+00  0000.00E+00  0000.00E+00  0000.00E+00  0000.00E+00  0000.00E+00  0000.00E+00  
896000.E+02  1108.64E-07  0000.00E+00  0000.00E+00  0000.00E+00  0000.00E+00  0000.00E+00  0000.00E+00  0000.00E+00  0000.00E+00  0000.00E+00  0000.00E+00  0000.00E+00  0000.00E+00  0000.00E+00  0000.00E+00  0000.00E+00  0000.00E+00  0000.00E+00  0000.00E+00  0000.00E+00  0000.00E+00  0000.00E+00  0000.00E+00  0000.00E+00  0000.00E+00  5501.88E-08  1060.96E-08  4563.61E-08  1126.18E-09  4487.89E-11  2544.43E-11  9271.74E-11  4870.54E-12  0000.00E+00  0000.00E+00  0000.00E+00  0000.00E+00  0000.00E+00  0000.00E+00  0000.00E+00  0000.00E+00  
910000.E+02  9200.93E-08  0000.00E+00  0000.00E+00  0000.00E+00  0000.00E+00  0000.00E+00  0000.00E+00  0000.00E+00  0000.00E+00  0000.00E+00  0000.00E+00  0000.00E+00  0000.00E+00  0000.00E+00  0000.00E+00  0000.00E+00  0000.00E+00  0000.00E+00  0000.00E+00  0000.00E+00  0000.00E+00  0000.00E+00  0000.00E+00  0000.00E+00  0000.00E+00  5939.32E-08  4237.26E-09  2886.90E-08  4657.84E-10  8910.96E-11  5550.53E-10  1050.14E-10  2678.08E-11  0000.00E+00  0000.00E+00  0000.00E+00  0000.00E+00  0000.00E+00  0000.00E+00  0000.00E+00  0000.00E+00  
924000.E+02  1271.35E-07  0000.00E+00  0000.00E+00  0000.00E+00  0000.00E+00  0000.00E+00  0000.00E+00  0000.00E+00  0000.00E+00  0000.00E+00  0000.00E+00  0000.00E+00  0000.00E+00  0000.00E+00  0000.00E+00  0000.00E+00  0000.00E+00  0000.00E+00  0000.00E+00  0000.00E+00  0000.00E+00  0000.00E+00  0000.00E+00  0000.00E+00  0000.00E+00  5631.83E-08  3015.50E-08  4118.28E-08  8504.07E-10  1445.70E-10  9075.26E-11  7927.01E-11  1376.53E-10  0000.00E+00  0000.00E+00  0000.00E+00  0000.00E+00  0000.00E+00  0000.00E+00  0000.00E+00  0000.00E+00  
938000.E+02  1052.48E-07  0000.00E+00  0000.00E+00  0000.00E+00  0000.00E+00  0000.00E+00  0000.00E+00  0000.00E+00  0000.00E+00  0000.00E+00  0000.00E+00  0000.00E+00  0000.00E+00  0000.00E+00  0000.00E+00  0000.00E+00  0000.00E+00  0000.00E+00  0000.00E+00  0000.00E+00  0000.00E+00  0000.00E+00  0000.00E+00  0000.00E+00  0000.00E+00  6139.34E-08  8219.49E-09  3645.93E-08  5532.82E-10  1801.98E-10  8651.60E-11  8337.73E-11  2017.40E-10  0000.00E+00  0000.00E+00  0000.00E+00  0000.00E+00  0000.00E+00  0000.00E+00  0000.00E+00  0000.00E+00  
952000.E+02  1449.09E-07  0000.00E+00  0000.00E+00  0000.00E+00  0000.00E+00  0000.00E+00  0000.00E+00  0000.00E+00  0000.00E+00  0000.00E+00  0000.00E+00  0000.00E+00  0000.00E+00  0000.00E+00  0000.00E+00  0000.00E+00  0000.00E+00  0000.00E+00  0000.00E+00  0000.00E+00  0000.00E+00  0000.00E+00  0000.00E+00  0000.00E+00  0000.00E+00  4592.94E-08  6652.82E-09  9153.36E-08  9533.05E-10  1327.53E-10  9386.12E-11  1521.35E-09  1087.41E-10  0000.00E+00  0000.00E+00  0000.00E+00  0000.00E+00  0000.00E+00  0000.00E+00  0000.00E+00  0000.00E+00  
966000.E+02  1119.90E-07  0000.00E+00  0000.00E+00  0000.00E+00  0000.00E+00  0000.00E+00  0000.00E+00  0000.00E+00  0000.00E+00  0000.00E+00  0000.00E+00  0000.00E+00  0000.00E+00  0000.00E+00  0000.00E+00  0000.00E+00  0000.00E+00  0000.00E+00  0000.00E+00  0000.00E+00  0000.00E+00  0000.00E+00  0000.00E+00  0000.00E+00  0000.00E+00  6297.77E-08  1202.90E-08  3776.01E-08  1088.57E-09  6874.81E-11  9454.95E-11  8890.71E-11  4866.56E-11  0000.00E+00  0000.00E+00  0000.00E+00  0000.00E+00  0000.00E+00  0000.00E+00  0000.00E+00  0000.00E+00  
980000.E+02  1912.56E-07  0000.00E+00  0000.00E+00  0000.00E+00  0000.00E+00  0000.00E+00  0000.00E+00  0000.00E+00  0000.00E+00  0000.00E+00  0000.00E+00  0000.00E+00  0000.00E+00  0000.00E+00  0000.00E+00  0000.00E+00  0000.00E+00  0000.00E+00  0000.00E+00  0000.00E+00  0000.00E+00  0000.00E+00  0000.00E+00  0000.00E+00  0000.00E+00  1381.73E-07  8574.17E-09  4541.34E-08  1093.46E-09  6654.68E-11  1064.90E-10  9023.99E-11  3064.04E-11  0000.00E+00  0000.00E+00  0000.00E+00  0000.00E+00  0000.00E+00  0000.00E+00  0000.00E+00  0000.00E+00  
994000.E+02  1259.95E-07  0000.00E+00  0000.00E+00  0000.00E+00  0000.00E+00  0000.00E+00  0000.00E+00  0000.00E+00  0000.00E+00  0000.00E+00  0000.00E+00  0000.00E+00  0000.00E+00  0000.00E+00  0000.00E+00  0000.00E+00  0000.00E+00  0000.00E+00  0000.00E+00  0000.00E+00  0000.00E+00  0000.00E+00  0000.00E+00  0000.00E+00  0000.00E+00  5933.08E-08  7352.11E-09  5810.78E-08  1357.54E-09  1164.60E-10  4789.27E-10  1680.37E-09  2835.27E-11  0000.00E+00  0000.00E+00  0000.00E+00  0000.00E+00  0000.00E+00  0000.00E+00  0000.00E+00  0000.00E+00  
100800.E+03  1562.02E-07  0000.00E+00  0000.00E+00  0000.00E+00  0000.00E+00  0000.00E+00  0000.00E+00  0000.00E+00  0000.00E+00  0000.00E+00  0000.00E+00  0000.00E+00  0000.00E+00  0000.00E+00  0000.00E+00  0000.00E+00  0000.00E+00  0000.00E+00  0000.00E+00  0000.00E+00  0000.00E+00  0000.00E+00  0000.00E+00  0000.00E+00  0000.00E+00  3203.06E-08  4178.97E-09  1835.42E-08  4557.74E-10  1182.94E-10  6792.07E-11  1425.07E-10  2414.95E-11  3585.49E-08  3997.78E-09  6296.03E-08  2962.29E-10  1238.24E-10  8966.57E-11  2707.71E-11  5654.98E-11  
102200.E+03  1964.65E-07  0000.00E+00  0000.00E+00  0000.00E+00  0000.00E+00  0000.00E+00  0000.00E+00  0000.00E+00  0000.00E+00  0000.00E+00  0000.00E+00  0000.00E+00  0000.00E+00  0000.00E+00  0000.00E+00  0000.00E+00  0000.00E+00  0000.00E+00  0000.00E+00  0000.00E+00  0000.00E+00  0000.00E+00  0000.00E+00  0000.00E+00  0000.00E+00  0000.00E+00  0000.00E+00  0000.00E+00  0000.00E+00  0000.00E+00  0000.00E+00  0000.00E+00  0000.00E+00  1242.51E-07  1029.68E-08  6272.47E-08  1023.36E-09  1128.82E-10  1985.04E-10  5302.84E-10  1512.51E-10  
103600.E+03  2722.22E-07  0000.00E+00  0000.00E+00  0000.00E+00  0000.00E+00  0000.00E+00  0000.00E+00  0000.00E+00  0000.00E+00  0000.00E+00  0000.00E+00  0000.00E+00  0000.00E+00  0000.00E+00  0000.00E+00  0000.00E+00  0000.00E+00  0000.00E+00  0000.00E+00  0000.00E+00  0000.00E+00  0000.00E+00  0000.00E+00  0000.00E+00  0000.00E+00  0000.00E+00  0000.00E+00  0000.00E+00  0000.00E+00  0000.00E+00  0000.00E+00  0000.00E+00  0000.00E+00  1745.79E-07  1061.00E-08  8879.75E-08  8897.75E-10  2664.99E-10  8444.42E-11  1337.77E-10  4171.90E-11  
105000.E+03  2429.94E-07  0000.00E+00  0000.00E+00  0000.00E+00  0000.00E+00  0000.00E+00  0000.00E+00  0000.00E+00  0000.00E+00  0000.00E+00  0000.00E+00  0000.00E+00  0000.00E+00  0000.00E+00  0000.00E+00  0000.00E+00  0000.00E+00  0000.00E+00  0000.00E+00  0000.00E+00  0000.00E+00  0000.00E+00  0000.00E+00  0000.00E+00  0000.00E+00  0000.00E+00  0000.00E+00  0000.00E+00  0000.00E+00  0000.00E+00  0000.00E+00  0000.00E+00  0000.00E+00  1260.62E-07  1856.18E-08  9881.97E-08  2358.84E-09  3333.60E-10  1867.03E-10  1710.87E-10  2491.84E-10  
106400.E+03  3509.28E-07  0000.00E+00  0000.00E+00  0000.00E+00  0000.00E+00  0000.00E+00  0000.00E+00  0000.00E+00  0000.00E+00  0000.00E+00  0000.00E+00  0000.00E+00  0000.00E+00  0000.00E+00  0000.00E+00  0000.00E+00  0000.00E+00  0000.00E+00  0000.00E+00  0000.00E+00  0000.00E+00  0000.00E+00  0000.00E+00  0000.00E+00  0000.00E+00  0000.00E+00  0000.00E+00  0000.00E+00  0000.00E+00  0000.00E+00  0000.00E+00  0000.00E+00  0000.00E+00  1791.88E-07  4285.11E-08  1313.44E-07  1399.72E-09  3212.40E-10  2736.29E-10  3475.93E-10  2244.09E-10  
107800.E+03  3819.97E-07  0000.00E+00  0000.00E+00  0000.00E+00  0000.00E+00  0000.00E+00  0000.00E+00  0000.00E+00  0000.00E+00  0000.00E+00  0000.00E+00  0000.00E+00  0000.00E+00  0000.00E+00  0000.00E+00  0000.00E+00  0000.00E+00  0000.00E+00  0000.00E+00  0000.00E+00  0000.00E+00  0000.00E+00  0000.00E+00  0000.00E+00  0000.00E+00  0000.00E+00  0000.00E+00  0000.00E+00  0000.00E+00  0000.00E+00  0000.00E+00  0000.00E+00  0000.00E+00  2002.63E-07  4424.85E-08  1290.04E-07  7275.52E-09  8478.02E-09  2448.68E-10  2149.50E-10  2940.35E-10  
109200.E+03  5353.75E-07  0000.00E+00  0000.00E+00  0000.00E+00  0000.00E+00  0000.00E+00  0000.00E+00  0000.00E+00  0000.00E+00  0000.00E+00  0000.00E+00  0000.00E+00  0000.00E+00  0000.00E+00  0000.00E+00  0000.00E+00  0000.00E+00  0000.00E+00  0000.00E+00  0000.00E+00  0000.00E+00  0000.00E+00  0000.00E+00  0000.00E+00  0000.00E+00  0000.00E+00  0000.00E+00  0000.00E+00  0000.00E+00  0000.00E+00  0000.00E+00  0000.00E+00  0000.00E+00  2601.18E-07  4318.00E-08  2281.06E-07  5489.87E-09  6436.84E-10  1299.84E-09  4370.73E-10  9167.02E-09  
110600.E+03  5193.72E-07  0000.00E+00  0000.00E+00  0000.00E+00  0000.00E+00  0000.00E+00  0000.00E+00  0000.00E+00  0000.00E+00  0000.00E+00  0000.00E+00  0000.00E+00  0000.00E+00  0000.00E+00  0000.00E+00  0000.00E+00  0000.00E+00  0000.00E+00  0000.00E+00  0000.00E+00  0000.00E+00  0000.00E+00  0000.00E+00  0000.00E+00  0000.00E+00  0000.00E+00  0000.00E+00  0000.00E+00  0000.00E+00  0000.00E+00  0000.00E+00  0000.00E+00  0000.00E+00  2272.03E-07  4344.20E-08  2562.79E-07  3889.09E-09  5318.91E-10  6048.78E-10  5342.97E-10  5781.71E-10  
112000.E+03  3266.94E-07  0000.00E+00  0000.00E+00  0000.00E+00  0000.00E+00  0000.00E+00  0000.00E+00  0000.00E+00  0000.00E+00  0000.00E+00  0000.00E+00  0000.00E+00  0000.00E+00  0000.00E+00  0000.00E+00  0000.00E+00  0000.00E+00  0000.00E+00  0000.00E+00  0000.00E+00  0000.00E+00  0000.00E+00  0000.00E+00  0000.00E+00  0000.00E+00  0000.00E+00  0000.00E+00  0000.00E+00  0000.00E+00  0000.00E+00  0000.00E+00  0000.00E+00  0000.00E+00  1488.23E-07  2542.07E-08  1563.85E-07  2404.98E-09  1009.84E-09  1120.83E-09  2131.21E-10  2722.81E-10  
113400.E+03  1220.76E-07  0000.00E+00  0000.00E+00  0000.00E+00  0000.00E+00  0000.00E+00  0000.00E+00  0000.00E+00  0000.00E+00  0000.00E+00  0000.00E+00  0000.00E+00  0000.00E+00  0000.00E+00  0000.00E+00  0000.00E+00  0000.00E+00  0000.00E+00  0000.00E+00  0000.00E+00  0000.00E+00  0000.00E+00  0000.00E+00  0000.00E+00  0000.00E+00  0000.00E+00  0000.00E+00  0000.00E+00  0000.00E+00  0000.00E+00  0000.00E+00  0000.00E+00  0000.00E+00  4869.81E-08  8863.41E-09  6640.88E-08  5679.63E-10  5088.33E-11  6424.41E-11  1004.97E-10  4868.83E-10  
114800.E+03  1697.54E-08  0000.00E+00  0000.00E+00  0000.00E+00  0000.00E+00  0000.00E+00  0000.00E+00  0000.00E+00  0000.00E+00  0000.00E+00  0000.00E+00  0000.00E+00  0000.00E+00  0000.00E+00  0000.00E+00  0000.00E+00  0000.00E+00  0000.00E+00  0000.00E+00  0000.00E+00  0000.00E+00  0000.00E+00  0000.00E+00  0000.00E+00  0000.00E+00  0000.00E+00  0000.00E+00  0000.00E+00  0000.00E+00  0000.00E+00  0000.00E+00  0000.00E+00  0000.00E+00  8369.89E-09  1032.41E-09  7961.72E-09  9174.43E-11  5166.65E-12  1017.34E-10  2076.90E-12  7638.27E-12  
116200.E+03  1209.05E-09  0000.00E+00  0000.00E+00  0000.00E+00  0000.00E+00  0000.00E+00  0000.00E+00  0000.00E+00  0000.00E+00  0000.00E+00  0000.00E+00  0000.00E+00  0000.00E+00  0000.00E+00  0000.00E+00  0000.00E+00  0000.00E+00  0000.00E+00  0000.00E+00  0000.00E+00  0000.00E+00  0000.00E+00  0000.00E+00  0000.00E+00  0000.00E+00  0000.00E+00  0000.00E+00  0000.00E+00  0000.00E+00  0000.00E+00  0000.00E+00  0000.00E+00  0000.00E+00  5198.71E-10  1281.64E-10  6148.81E-10  2702.18E-12  0000.00E+00  0000.00E+00  0000.00E+00  0000.00E+00  
117600.E+03  0000.00E+00  0000.00E+00  0000.00E+00  0000.00E+00  0000.00E+00  0000.00E+00  0000.00E+00  0000.00E+00  0000.00E+00  0000.00E+00  0000.00E+00  0000.00E+00  0000.00E+00  0000.00E+00  0000.00E+00  0000.00E+00  0000.00E+00  0000.00E+00  0000.00E+00  0000.00E+00  0000.00E+00  0000.00E+00  0000.00E+00  0000.00E+00  0000.00E+00  0000.00E+00  0000.00E+00  0000.00E+00  0000.00E+00  0000.00E+00  0000.00E+00  0000.00E+00  0000.00E+00  0000.00E+00  0000.00E+00  0000.00E+00  0000.00E+00  0000.00E+00  0000.00E+00  0000.00E+00  0000.00E+00  
119000.E+03  0000.00E+00  0000.00E+00  0000.00E+00  0000.00E+00  0000.00E+00  0000.00E+00  0000.00E+00  0000.00E+00  0000.00E+00  0000.00E+00  0000.00E+00  0000.00E+00  0000.00E+00  0000.00E+00  0000.00E+00  0000.00E+00  0000.00E+00  0000.00E+00  0000.00E+00  0000.00E+00  0000.00E+00  0000.00E+00  0000.00E+00  0000.00E+00  0000.00E+00  0000.00E+00  0000.00E+00  0000.00E+00  0000.00E+00  0000.00E+00  0000.00E+00  0000.00E+00  0000.00E+00  0000.00E+00  0000.00E+00  0000.00E+00  0000.00E+00  0000.00E+00  0000.00E+00  0000.00E+00  0000.00E+00  
120400.E+03  0000.00E+00  0000.00E+00  0000.00E+00  0000.00E+00  0000.00E+00  0000.00E+00  0000.00E+00  0000.00E+00  0000.00E+00  0000.00E+00  0000.00E+00  0000.00E+00  0000.00E+00  0000.00E+00  0000.00E+00  0000.00E+00  0000.00E+00  0000.00E+00  0000.00E+00  0000.00E+00  0000.00E+00  0000.00E+00  0000.00E+00  0000.00E+00  0000.00E+00  0000.00E+00  0000.00E+00  0000.00E+00  0000.00E+00  0000.00E+00  0000.00E+00  0000.00E+00  0000.00E+00  0000.00E+00  0000.00E+00  0000.00E+00  0000.00E+00  0000.00E+00  0000.00E+00  0000.00E+00  0000.00E+00  
121800.E+03  0000.00E+00  0000.00E+00  0000.00E+00  0000.00E+00  0000.00E+00  0000.00E+00  0000.00E+00  0000.00E+00  0000.00E+00  0000.00E+00  0000.00E+00  0000.00E+00  0000.00E+00  0000.00E+00  0000.00E+00  0000.00E+00  0000.00E+00  0000.00E+00  0000.00E+00  0000.00E+00  0000.00E+00  0000.00E+00  0000.00E+00  0000.00E+00  0000.00E+00  0000.00E+00  0000.00E+00  0000.00E+00  0000.00E+00  0000.00E+00  0000.00E+00  0000.00E+00  0000.00E+00  0000.00E+00  0000.00E+00  0000.00E+00  0000.00E+00  0000.00E+00  0000.00E+00  0000.00E+00  0000.00E+00  
123200.E+03  0000.00E+00  0000.00E+00  0000.00E+00  0000.00E+00  0000.00E+00  0000.00E+00  0000.00E+00  0000.00E+00  0000.00E+00  0000.00E+00  0000.00E+00  0000.00E+00  0000.00E+00  0000.00E+00  0000.00E+00  0000.00E+00  0000.00E+00  0000.00E+00  0000.00E+00  0000.00E+00  0000.00E+00  0000.00E+00  0000.00E+00  0000.00E+00  0000.00E+00  0000.00E+00  0000.00E+00  0000.00E+00  0000.00E+00  0000.00E+00  0000.00E+00  0000.00E+00  0000.00E+00  0000.00E+00  0000.00E+00  0000.00E+00  0000.00E+00  0000.00E+00  0000.00E+00  0000.00E+00  0000.00E+00  
124600.E+03  0000.00E+00  0000.00E+00  0000.00E+00  0000.00E+00  0000.00E+00  0000.00E+00  0000.00E+00  0000.00E+00  0000.00E+00  0000.00E+00  0000.00E+00  0000.00E+00  0000.00E+00  0000.00E+00  0000.00E+00  0000.00E+00  0000.00E+00  0000.00E+00  0000.00E+00  0000.00E+00  0000.00E+00  0000.00E+00  0000.00E+00  0000.00E+00  0000.00E+00  0000.00E+00  0000.00E+00  0000.00E+00  0000.00E+00  0000.00E+00  0000.00E+00  0000.00E+00  0000.00E+00  0000.00E+00  0000.00E+00  0000.00E+00  0000.00E+00  0000.00E+00  0000.00E+00  0000.00E+00  0000.00E+00  
126000.E+03  0000.00E+00  0000.00E+00  0000.00E+00  0000.00E+00  0000.00E+00  0000.00E+00  0000.00E+00  0000.00E+00  0000.00E+00  0000.00E+00  0000.00E+00  0000.00E+00  0000.00E+00  0000.00E+00  0000.00E+00  0000.00E+00  0000.00E+00  0000.00E+00  0000.00E+00  0000.00E+00  0000.00E+00  0000.00E+00  0000.00E+00  0000.00E+00  0000.00E+00  0000.00E+00  0000.00E+00  0000.00E+00  0000.00E+00  0000.00E+00  0000.00E+00  0000.00E+00  0000.00E+00  0000.00E+00  0000.00E+00  0000.00E+00  0000.00E+00  0000.00E+00  0000.00E+00  0000.00E+00  0000.00E+00  
127400.E+03  0000.00E+00  0000.00E+00  0000.00E+00  0000.00E+00  0000.00E+00  0000.00E+00  0000.00E+00  0000.00E+00  0000.00E+00  0000.00E+00  0000.00E+00  0000.00E+00  0000.00E+00  0000.00E+00  0000.00E+00  0000.00E+00  0000.00E+00  0000.00E+00  0000.00E+00  0000.00E+00  0000.00E+00  0000.00E+00  0000.00E+00  0000.00E+00  0000.00E+00  0000.00E+00  0000.00E+00  0000.00E+00  0000.00E+00  0000.00E+00  0000.00E+00  0000.00E+00  0000.00E+00  0000.00E+00  0000.00E+00  0000.00E+00  0000.00E+00  0000.00E+00  0000.00E+00  0000.00E+00  0000.00E+00  
128800.E+03  0000.00E+00  0000.00E+00  0000.00E+00  0000.00E+00  0000.00E+00  0000.00E+00  0000.00E+00  0000.00E+00  0000.00E+00  0000.00E+00  0000.00E+00  0000.00E+00  0000.00E+00  0000.00E+00  0000.00E+00  0000.00E+00  0000.00E+00  0000.00E+00  0000.00E+00  0000.00E+00  0000.00E+00  0000.00E+00  0000.00E+00  0000.00E+00  0000.00E+00  0000.00E+00  0000.00E+00  0000.00E+00  0000.00E+00  0000.00E+00  0000.00E+00  0000.00E+00  0000.00E+00  0000.00E+00  0000.00E+00  0000.00E+00  0000.00E+00  0000.00E+00  0000.00E+00  0000.00E+00  0000.00E+00  
130200.E+03  0000.00E+00  0000.00E+00  0000.00E+00  0000.00E+00  0000.00E+00  0000.00E+00  0000.00E+00  0000.00E+00  0000.00E+00  0000.00E+00  0000.00E+00  0000.00E+00  0000.00E+00  0000.00E+00  0000.00E+00  0000.00E+00  0000.00E+00  0000.00E+00  0000.00E+00  0000.00E+00  0000.00E+00  0000.00E+00  0000.00E+00  0000.00E+00  0000.00E+00  0000.00E+00  0000.00E+00  0000.00E+00  0000.00E+00  0000.00E+00  0000.00E+00  0000.00E+00  0000.00E+00  0000.00E+00  0000.00E+00  0000.00E+00  0000.00E+00  0000.00E+00  0000.00E+00  0000.00E+00  0000.00E+00  
131600.E+03  0000.00E+00  0000.00E+00  0000.00E+00  0000.00E+00  0000.00E+00  0000.00E+00  0000.00E+00  0000.00E+00  0000.00E+00  0000.00E+00  0000.00E+00  0000.00E+00  0000.00E+00  0000.00E+00  0000.00E+00  0000.00E+00  0000.00E+00  0000.00E+00  0000.00E+00  0000.00E+00  0000.00E+00  0000.00E+00  0000.00E+00  0000.00E+00  0000.00E+00  0000.00E+00  0000.00E+00  0000.00E+00  0000.00E+00  0000.00E+00  0000.00E+00  0000.00E+00  0000.00E+00  0000.00E+00  0000.00E+00  0000.00E+00  0000.00E+00  0000.00E+00  0000.00E+00  0000.00E+00  0000.00E+00  
133000.E+03  0000.00E+00  0000.00E+00  0000.00E+00  0000.00E+00  0000.00E+00  0000.00E+00  0000.00E+00  0000.00E+00  0000.00E+00  0000.00E+00  0000.00E+00  0000.00E+00  0000.00E+00  0000.00E+00  0000.00E+00  0000.00E+00  0000.00E+00  0000.00E+00  0000.00E+00  0000.00E+00  0000.00E+00  0000.00E+00  0000.00E+00  0000.00E+00  0000.00E+00  0000.00E+00  0000.00E+00  0000.00E+00  0000.00E+00  0000.00E+00  0000.00E+00  0000.00E+00  0000.00E+00  0000.00E+00  0000.00E+00  0000.00E+00  0000.00E+00  0000.00E+00  0000.00E+00  0000.00E+00  0000.00E+00  
134400.E+03  0000.00E+00  0000.00E+00  0000.00E+00  0000.00E+00  0000.00E+00  0000.00E+00  0000.00E+00  0000.00E+00  0000.00E+00  0000.00E+00  0000.00E+00  0000.00E+00  0000.00E+00  0000.00E+00  0000.00E+00  0000.00E+00  0000.00E+00  0000.00E+00  0000.00E+00  0000.00E+00  0000.00E+00  0000.00E+00  0000.00E+00  0000.00E+00  0000.00E+00  0000.00E+00  0000.00E+00  0000.00E+00  0000.00E+00  0000.00E+00  0000.00E+00  0000.00E+00  0000.00E+00  0000.00E+00  0000.00E+00  0000.00E+00  0000.00E+00  0000.00E+00  0000.00E+00  0000.00E+00  0000.00E+00  
135800.E+03  0000.00E+00  0000.00E+00  0000.00E+00  0000.00E+00  0000.00E+00  0000.00E+00  0000.00E+00  0000.00E+00  0000.00E+00  0000.00E+00  0000.00E+00  0000.00E+00  0000.00E+00  0000.00E+00  0000.00E+00  0000.00E+00  0000.00E+00  0000.00E+00  0000.00E+00  0000.00E+00  0000.00E+00  0000.00E+00  0000.00E+00  0000.00E+00  0000.00E+00  0000.00E+00  0000.00E+00  0000.00E+00  0000.00E+00  0000.00E+00  0000.00E+00  0000.00E+00  0000.00E+00  0000.00E+00  0000.00E+00  0000.00E+00  0000.00E+00  0000.00E+00  0000.00E+00  0000.00E+00  0000.00E+00  
137200.E+03  0000.00E+00  0000.00E+00  0000.00E+00  0000.00E+00  0000.00E+00  0000.00E+00  0000.00E+00  0000.00E+00  0000.00E+00  0000.00E+00  0000.00E+00  0000.00E+00  0000.00E+00  0000.00E+00  0000.00E+00  0000.00E+00  0000.00E+00  0000.00E+00  0000.00E+00  0000.00E+00  0000.00E+00  0000.00E+00  0000.00E+00  0000.00E+00  0000.00E+00  0000.00E+00  0000.00E+00  0000.00E+00  0000.00E+00  0000.00E+00  0000.00E+00  0000.00E+00  0000.00E+00  0000.00E+00  0000.00E+00  0000.00E+00  0000.00E+00  0000.00E+00  0000.00E+00  0000.00E+00  0000.00E+00  
138600.E+03  0000.00E+00  0000.00E+00  0000.00E+00  0000.00E+00  0000.00E+00  0000.00E+00  0000.00E+00  0000.00E+00  0000.00E+00  0000.00E+00  0000.00E+00  0000.00E+00  0000.00E+00  0000.00E+00  0000.00E+00  0000.00E+00  0000.00E+00  0000.00E+00  0000.00E+00  0000.00E+00  0000.00E+00  0000.00E+00  0000.00E+00  0000.00E+00  0000.00E+00  0000.00E+00  0000.00E+00  0000.00E+00  0000.00E+00  0000.00E+00  0000.00E+00  0000.00E+00  0000.00E+00  0000.00E+00  0000.00E+00  0000.00E+00  0000.00E+00  0000.00E+00  0000.00E+00  0000.00E+00  0000.00E+00  
140000.E+03  0000.00E+00  0000.00E+00  0000.00E+00  0000.00E+00  0000.00E+00  0000.00E+00  0000.00E+00  0000.00E+00  0000.00E+00  0000.00E+00  0000.00E+00  0000.00E+00  0000.00E+00  0000.00E+00  0000.00E+00  0000.00E+00  0000.00E+00  0000.00E+00  0000.00E+00  0000.00E+00  0000.00E+00  0000.00E+00  0000.00E+00  0000.00E+00  0000.00E+00  0000.00E+00  0000.00E+00  0000.00E+00  0000.00E+00  0000.00E+00  0000.00E+00  0000.00E+00  0000.00E+00  0000.00E+00  0000.00E+00  0000.00E+00  0000.00E+00  0000.00E+00  0000.00E+00  0000.00E+00  0000.00E+00  
